   0.0000000e+00   0.0000000e+00   0.0000000e+00   0.0000000e+00   0.0000000e+00   0.0000000e+00
  -5.0564019e-03   7.3970928e-03   0.0000000e+00   0.0000000e+00   0.0000000e+00  -4.4834871e-05
  -5.6209276e-02   1.4287019e-02   0.0000000e+00   0.0000000e+00   0.0000000e+00  -9.9240227e-05
   1.2182977e-02   9.8713420e-03   0.0000000e+00   0.0000000e+00   0.0000000e+00  -2.8351518e-04
  -5.7907975e-02   8.1256199e-02   0.0000000e+00   0.0000000e+00   0.0000000e+00   2.0467964e-04
  -2.6352329e-02   8.4578633e-02   0.0000000e+00   0.0000000e+00   0.0000000e+00   2.3588156e-04
   4.1231397e-02   2.1045994e-02   0.0000000e+00   0.0000000e+00   0.0000000e+00  -1.2629245e-04
  -3.6455792e-02   1.1747315e-01   0.0000000e+00   0.0000000e+00   0.0000000e+00   5.3685479e-04
   1.1098256e-01  -5.8675846e-02   0.0000000e+00   0.0000000e+00   0.0000000e+00  -6.9349629e-04
  -6.5716544e-02   1.0083323e-01   0.0000000e+00   0.0000000e+00   0.0000000e+00   7.0824075e-04
  -1.2861748e-01   1.4495213e-01   0.0000000e+00   0.0000000e+00   0.0000000e+00   1.0842636e-03
  -1.1406077e-01   1.0171429e-01   0.0000000e+00   0.0000000e+00   0.0000000e+00   9.0761283e-04
  -1.5768665e-01   1.4448613e-01   0.0000000e+00   0.0000000e+00   0.0000000e+00   1.1317134e-03
  -8.1170354e-02   1.2773680e-01   0.0000000e+00   0.0000000e+00   0.0000000e+00   9.3259051e-04
  -8.6644727e-02   9.5227666e-02   0.0000000e+00   0.0000000e+00   0.0000000e+00   6.2820318e-04
  -7.4388254e-02   1.2260632e-01   0.0000000e+00   0.0000000e+00   0.0000000e+00   8.7470456e-04
  -7.5640386e-02   9.2626067e-02   0.0000000e+00   0.0000000e+00   0.0000000e+00   7.0739355e-04
  -4.5694066e-02   1.5817489e-02   0.0000000e+00   0.0000000e+00   0.0000000e+00   2.7247117e-04
  -5.3951958e-02   3.3768236e-02   0.0000000e+00   0.0000000e+00   0.0000000e+00   4.9528156e-04
  -1.2835308e-01   1.5530687e-02   0.0000000e+00   0.0000000e+00   0.0000000e+00   7.0475448e-04
  -2.0597978e-01   8.3030724e-02   0.0000000e+00   0.0000000e+00   0.0000000e+00   1.1705116e-03
  -1.5562625e-01   7.0436021e-02   0.0000000e+00   0.0000000e+00   0.0000000e+00   9.0483543e-04
  -1.6995124e-01   6.5355030e-02   0.0000000e+00   0.0000000e+00   0.0000000e+00   6.1707849e-04
  -6.2995844e-02   2.3230139e-02   0.0000000e+00   0.0000000e+00   0.0000000e+00   1.8983392e-04
  -1.7105712e-02   1.0106002e-02   0.0000000e+00   0.0000000e+00   0.0000000e+00   9.7902285e-05
  -4.4218646e-02  -1.1804144e-02   0.0000000e+00   0.0000000e+00   0.0000000e+00  -9.3677503e-06
   5.2361428e-02  -8.6094493e-02   0.0000000e+00   0.0000000e+00   0.0000000e+00  -6.2670677e-04
   1.2720511e-01  -1.6049318e-01   0.0000000e+00   0.0000000e+00   0.0000000e+00  -1.1801605e-03
   7.1766596e-02  -1.3169935e-01   0.0000000e+00   0.0000000e+00   0.0000000e+00  -7.4260594e-04
   5.7066363e-02  -1.2269752e-01   0.0000000e+00   0.0000000e+00   0.0000000e+00  -7.2773835e-04
  -7.9124092e-02  -4.4931748e-02   0.0000000e+00   0.0000000e+00   0.0000000e+00  -1.4332374e-04
  -3.4281778e-02  -7.0599592e-02   0.0000000e+00   0.0000000e+00   0.0000000e+00  -4.6607979e-04
  -1.3447536e-01  -3.9176895e-02   0.0000000e+00   0.0000000e+00   0.0000000e+00  -5.4077756e-04
   3.9091202e-02  -9.7933206e-02   0.0000000e+00   0.0000000e+00   0.0000000e+00  -1.3042438e-03
  -2.8758202e-02  -4.5698659e-02   0.0000000e+00   0.0000000e+00   0.0000000e+00  -1.0216907e-03
   8.0778395e-02  -8.5183873e-04   0.0000000e+00   0.0000000e+00   0.0000000e+00  -3.7492575e-04
   7.2114786e-03   7.7811992e-03   0.0000000e+00   0.0000000e+00   0.0000000e+00  -7.6849829e-05
   2.9117483e-02   1.5564346e-02   0.0000000e+00   0.0000000e+00   0.0000000e+00   1.6892145e-04
   2.6011420e-01  -2.0400157e-01   0.0000000e+00   0.0000000e+00   0.0000000e+00  -1.6222290e-03
   1.0389634e-01  -1.4396547e-01   0.0000000e+00   0.0000000e+00   0.0000000e+00  -9.6846224e-04
   3.1729044e-01  -2.3719245e-01   0.0000000e+00   0.0000000e+00   0.0000000e+00  -1.9740004e-03
   7.8344802e-02  -1.8205792e-01   0.0000000e+00   0.0000000e+00   0.0000000e+00  -1.4839313e-03
   7.8037487e-02  -1.3616404e-01   0.0000000e+00   0.0000000e+00   0.0000000e+00  -1.0091105e-03
  -7.1612331e-02  -2.8323966e-03   0.0000000e+00   0.0000000e+00   0.0000000e+00   1.2465933e-04
  -6.1090347e-02   3.0242511e-02   0.0000000e+00   0.0000000e+00   0.0000000e+00   3.2889841e-04
  -1.1023492e-01   1.2228043e-01   0.0000000e+00   0.0000000e+00   0.0000000e+00   1.1420959e-03
   7.9892401e-03   3.8101557e-02   0.0000000e+00   0.0000000e+00   0.0000000e+00   2.2491187e-04
  -6.2227653e-02   5.7459771e-02   0.0000000e+00   0.0000000e+00   0.0000000e+00   3.1982314e-04
  -2.4991890e-03   4.5886571e-02   0.0000000e+00   0.0000000e+00   0.0000000e+00   6.1783608e-04
  -1.3316663e-01   5.0346139e-02   0.0000000e+00   0.0000000e+00   0.0000000e+00   4.4587961e-04
