   0.0000000e+00   0.0000000e+00   0.0000000e+00   0.0000000e+00   0.0000000e+00   0.0000000e+00
  -5.4529869e-03   7.9856477e-03   0.0000000e+00   0.0000000e+00   0.0000000e+00  -3.6309596e-05
  -5.5671365e-02   1.4507679e-02   0.0000000e+00   0.0000000e+00   0.0000000e+00  -8.9622493e-05
   1.0320667e-02   1.1479513e-02   0.0000000e+00   0.0000000e+00   0.0000000e+00  -2.5701651e-04
  -5.5664495e-02   7.9109296e-02   0.0000000e+00   0.0000000e+00   0.0000000e+00   1.9367597e-04
  -2.3615906e-02   8.1706964e-02   0.0000000e+00   0.0000000e+00   0.0000000e+00   2.2173168e-04
   4.3643574e-02   1.9144841e-02   0.0000000e+00   0.0000000e+00   0.0000000e+00  -1.4122987e-04
  -3.0051493e-02   1.1084707e-01   0.0000000e+00   0.0000000e+00   0.0000000e+00   4.8071495e-04
   1.0825239e-01  -5.6304060e-02   0.0000000e+00   0.0000000e+00   0.0000000e+00  -6.5935641e-04
  -6.4625802e-02   9.8973774e-02   0.0000000e+00   0.0000000e+00   0.0000000e+00   6.9327084e-04
  -1.2499379e-01   1.3989944e-01   0.0000000e+00   0.0000000e+00   0.0000000e+00   1.0433176e-03
  -1.1309852e-01   9.9777393e-02   0.0000000e+00   0.0000000e+00   0.0000000e+00   8.8947279e-04
  -1.5343111e-01   1.4017287e-01   0.0000000e+00   0.0000000e+00   0.0000000e+00   1.0937241e-03
  -7.8868105e-02   1.2357496e-01   0.0000000e+00   0.0000000e+00   0.0000000e+00   8.9735133e-04
  -8.4954261e-02   9.2948312e-02   0.0000000e+00   0.0000000e+00   0.0000000e+00   6.0907887e-04
  -7.0527372e-02   1.1713644e-01   0.0000000e+00   0.0000000e+00   0.0000000e+00   8.2992034e-04
  -7.3472974e-02   8.9924765e-02   0.0000000e+00   0.0000000e+00   0.0000000e+00   6.8392572e-04
  -4.5289469e-02   1.5386994e-02   0.0000000e+00   0.0000000e+00   0.0000000e+00   2.6798180e-04
  -4.9442223e-02   2.9937310e-02   0.0000000e+00   0.0000000e+00   0.0000000e+00   4.4943503e-04
  -1.2187603e-01   1.3152892e-02   0.0000000e+00   0.0000000e+00   0.0000000e+00   6.6147589e-04
  -1.9644717e-01   7.6824822e-02   0.0000000e+00   0.0000000e+00   0.0000000e+00   1.0910973e-03
  -1.4826791e-01   6.5310569e-02   0.0000000e+00   0.0000000e+00   0.0000000e+00   8.4308480e-04
  -1.6399485e-01   6.2036153e-02   0.0000000e+00   0.0000000e+00   0.0000000e+00   5.7909627e-04
  -5.8249907e-02   1.9886091e-02   0.0000000e+00   0.0000000e+00   0.0000000e+00   1.5356113e-04
  -1.4613721e-02   7.9666503e-03   0.0000000e+00   0.0000000e+00   0.0000000e+00   7.2407850e-05
  -4.0447930e-02  -1.3541620e-02   0.0000000e+00   0.0000000e+00   0.0000000e+00  -3.2720048e-05
   5.1218113e-02  -8.1932996e-02   0.0000000e+00   0.0000000e+00   0.0000000e+00  -5.9175077e-04
   1.2857616e-01  -1.5713743e-01   0.0000000e+00   0.0000000e+00   0.0000000e+00  -1.1618283e-03
   6.9660161e-02  -1.2687506e-01   0.0000000e+00   0.0000000e+00   0.0000000e+00  -7.0545999e-04
   5.8174512e-02  -1.2160623e-01   0.0000000e+00   0.0000000e+00   0.0000000e+00  -7.3232510e-04
  -7.6602296e-02  -4.4007964e-02   0.0000000e+00   0.0000000e+00   0.0000000e+00  -1.4966939e-04
  -3.2228711e-02  -7.0255488e-02   0.0000000e+00   0.0000000e+00   0.0000000e+00  -4.7084486e-04
  -1.3437404e-01  -3.5924974e-02   0.0000000e+00   0.0000000e+00   0.0000000e+00  -5.0517956e-04
   3.5839450e-02  -9.3202352e-02   0.0000000e+00   0.0000000e+00   0.0000000e+00  -1.2417172e-03
  -3.2076273e-02  -4.0006743e-02   0.0000000e+00   0.0000000e+00   0.0000000e+00  -9.4833618e-04
   7.7313850e-02   7.2408431e-04   0.0000000e+00   0.0000000e+00   0.0000000e+00  -3.4960618e-04
   7.6310868e-03   8.1564639e-03   0.0000000e+00   0.0000000e+00   0.0000000e+00  -7.5937428e-05
   2.9418880e-02   1.4202483e-02   0.0000000e+00   0.0000000e+00   0.0000000e+00   1.5583578e-04
   2.4990609e-01  -1.9721192e-01   0.0000000e+00   0.0000000e+00   0.0000000e+00  -1.5534213e-03
   1.0146812e-01  -1.4188167e-01   0.0000000e+00   0.0000000e+00   0.0000000e+00  -9.6038605e-04
   3.1066871e-01  -2.3353021e-01   0.0000000e+00   0.0000000e+00   0.0000000e+00  -1.9420840e-03
   7.4421905e-02  -1.7512832e-01   0.0000000e+00   0.0000000e+00   0.0000000e+00  -1.4254612e-03
   7.4811093e-02  -1.3199961e-01   0.0000000e+00   0.0000000e+00   0.0000000e+00  -9.7539651e-04
  -7.4473814e-02   8.5610940e-04   0.0000000e+00   0.0000000e+00   0.0000000e+00   1.5141333e-04
  -6.0909064e-02   3.0391546e-02   0.0000000e+00   0.0000000e+00   0.0000000e+00   3.2595092e-04
  -1.0795852e-01   1.1919682e-01   0.0000000e+00   0.0000000e+00   0.0000000e+00   1.1079565e-03
   4.9446263e-03   3.8399256e-02   0.0000000e+00   0.0000000e+00   0.0000000e+00   2.3049800e-04
  -6.0863094e-02   5.7296660e-02   0.0000000e+00   0.0000000e+00   0.0000000e+00   3.1116158e-04
  -3.9044955e-03   4.6404099e-02   0.0000000e+00   0.0000000e+00   0.0000000e+00   6.1181578e-04
  -1.3112695e-01   5.0137051e-02   0.0000000e+00   0.0000000e+00   0.0000000e+00   4.3840750e-04
