   0.0000000e+00   0.0000000e+00   0.0000000e+00   0.0000000e+00   0.0000000e+00   0.0000000e+00
  -3.1733717e-03   6.1010509e-03   0.0000000e+00   0.0000000e+00   0.0000000e+00  -6.0348824e-05
  -5.3541248e-02   1.1690988e-02   0.0000000e+00   0.0000000e+00   0.0000000e+00  -1.3224059e-04
   1.4686522e-02   8.1515325e-03   0.0000000e+00   0.0000000e+00   0.0000000e+00  -3.0822729e-04
  -5.8188339e-02   8.1359782e-02   0.0000000e+00   0.0000000e+00   0.0000000e+00   2.0108920e-04
  -2.5388739e-02   8.4272643e-02   0.0000000e+00   0.0000000e+00   0.0000000e+00   2.2062388e-04
   4.2117249e-02   2.0362030e-02   0.0000000e+00   0.0000000e+00   0.0000000e+00  -1.3658284e-04
  -3.8666957e-02   1.1984428e-01   0.0000000e+00   0.0000000e+00   0.0000000e+00   5.5681327e-04
   1.1637354e-01  -6.3447649e-02   0.0000000e+00   0.0000000e+00   0.0000000e+00  -7.5141759e-04
  -6.6057891e-02   1.0062213e-01   0.0000000e+00   0.0000000e+00   0.0000000e+00   7.0961639e-04
  -1.3008148e-01   1.4704031e-01   0.0000000e+00   0.0000000e+00   0.0000000e+00   1.1023018e-03
  -1.1612306e-01   1.0395393e-01   0.0000000e+00   0.0000000e+00   0.0000000e+00   9.3505587e-04
  -1.5922977e-01   1.4613422e-01   0.0000000e+00   0.0000000e+00   0.0000000e+00   1.1484456e-03
  -8.2129016e-02   1.2991504e-01   0.0000000e+00   0.0000000e+00   0.0000000e+00   9.5566658e-04
  -8.8244055e-02   9.6765288e-02   0.0000000e+00   0.0000000e+00   0.0000000e+00   6.4399522e-04
  -7.6714227e-02   1.2600022e-01   0.0000000e+00   0.0000000e+00   0.0000000e+00   9.0578438e-04
  -7.7570176e-02   9.4883441e-02   0.0000000e+00   0.0000000e+00   0.0000000e+00   7.2796837e-04
  -4.8282027e-02   1.7725686e-02   0.0000000e+00   0.0000000e+00   0.0000000e+00   2.9682982e-04
  -6.0658304e-02   3.9028151e-02   0.0000000e+00   0.0000000e+00   0.0000000e+00   5.6006677e-04
  -1.3656553e-01   2.0633852e-02   0.0000000e+00   0.0000000e+00   0.0000000e+00   7.7337678e-04
  -2.1577137e-01   8.8495389e-02   0.0000000e+00   0.0000000e+00   0.0000000e+00   1.2469397e-03
  -1.6237613e-01   7.5221321e-02   0.0000000e+00   0.0000000e+00   0.0000000e+00   9.6728983e-04
  -1.7565363e-01   6.8485930e-02   0.0000000e+00   0.0000000e+00   0.0000000e+00   6.5997562e-04
  -6.5381127e-02   2.3898590e-02   0.0000000e+00   0.0000000e+00   0.0000000e+00   2.0530535e-04
  -1.9459133e-02   1.1897459e-02   0.0000000e+00   0.0000000e+00   0.0000000e+00   1.2321379e-04
  -4.8215373e-02  -9.7070614e-03   0.0000000e+00   0.0000000e+00   0.0000000e+00   2.0820724e-05
   5.1792089e-02  -8.7999538e-02   0.0000000e+00   0.0000000e+00   0.0000000e+00  -6.3591362e-04
   1.2368461e-01  -1.6087388e-01   0.0000000e+00   0.0000000e+00   0.0000000e+00  -1.1643925e-03
   7.0307428e-02  -1.3237303e-01   0.0000000e+00   0.0000000e+00   0.0000000e+00  -7.3871882e-04
   5.3636530e-02  -1.2127783e-01   0.0000000e+00   0.0000000e+00   0.0000000e+00  -6.9669091e-04
  -8.2103321e-02  -4.4804112e-02   0.0000000e+00   0.0000000e+00   0.0000000e+00  -1.2656768e-04
  -3.5578043e-02  -7.0301461e-02   0.0000000e+00   0.0000000e+00   0.0000000e+00  -4.5432347e-04
  -1.3643297e-01  -4.0023464e-02   0.0000000e+00   0.0000000e+00   0.0000000e+00  -5.4755248e-04
   4.2027372e-02  -1.0161692e-01   0.0000000e+00   0.0000000e+00   0.0000000e+00  -1.3500546e-03
  -2.5678633e-02  -5.0716287e-02   0.0000000e+00   0.0000000e+00   0.0000000e+00  -1.0788246e-03
   8.4971805e-02  -4.2898937e-03   0.0000000e+00   0.0000000e+00   0.0000000e+00  -4.0877947e-04
   8.3536520e-03   6.6940891e-03   0.0000000e+00   0.0000000e+00   0.0000000e+00  -8.2860275e-05
   3.0157982e-02   1.6039805e-02   0.0000000e+00   0.0000000e+00   0.0000000e+00   1.7454221e-04
   2.6858250e-01  -2.0861937e-01   0.0000000e+00   0.0000000e+00   0.0000000e+00  -1.6720555e-03
   1.0500817e-01  -1.4457887e-01   0.0000000e+00   0.0000000e+00   0.0000000e+00  -9.6590353e-04
   3.2257423e-01  -2.3902710e-01   0.0000000e+00   0.0000000e+00   0.0000000e+00  -1.9920002e-03
   8.1278585e-02  -1.8588785e-01   0.0000000e+00   0.0000000e+00   0.0000000e+00  -1.5175103e-03
   8.2132709e-02  -1.3995141e-01   0.0000000e+00   0.0000000e+00   0.0000000e+00  -1.0401130e-03
  -6.8896534e-02  -5.6065179e-03   0.0000000e+00   0.0000000e+00   0.0000000e+00   1.0524693e-04
  -6.0341326e-02   2.9667444e-02   0.0000000e+00   0.0000000e+00   0.0000000e+00   3.3154440e-04
  -1.0997339e-01   1.2305551e-01   0.0000000e+00   0.0000000e+00   0.0000000e+00   1.1532531e-03
   9.8808686e-03   3.8018268e-02   0.0000000e+00   0.0000000e+00   0.0000000e+00   2.2495767e-04
  -6.2153890e-02   5.6149095e-02   0.0000000e+00   0.0000000e+00   0.0000000e+00   3.1640475e-04
  -2.2282560e-03   4.7079595e-02   0.0000000e+00   0.0000000e+00   0.0000000e+00   6.3745410e-04
  -1.3137466e-01   4.8369549e-02   0.0000000e+00   0.0000000e+00   0.0000000e+00   4.2789479e-04
