   0.0000000e+00   0.0000000e+00   0.0000000e+00   0.0000000e+00   0.0000000e+00   0.0000000e+00
  -7.2206044e-03   7.7369522e-03   0.0000000e+00   0.0000000e+00   0.0000000e+00  -3.1072690e-05
  -7.1483265e-02   2.8884628e-02   0.0000000e+00   0.0000000e+00   0.0000000e+00   6.2558579e-05
   4.0186042e-03   1.6692417e-02   0.0000000e+00   0.0000000e+00   0.0000000e+00  -2.0371408e-04
  -5.9599730e-02   7.9404490e-02   0.0000000e+00   0.0000000e+00   0.0000000e+00   1.9452290e-04
  -4.0833006e-02   9.4051653e-02   0.0000000e+00   0.0000000e+00   0.0000000e+00   3.6154464e-04
   2.7012545e-02   2.6978543e-02   0.0000000e+00   0.0000000e+00   0.0000000e+00  -3.3209248e-05
  -4.0460004e-02   1.1535106e-01   0.0000000e+00   0.0000000e+00   0.0000000e+00   5.2752697e-04
   1.0879478e-01  -6.0595294e-02   0.0000000e+00   0.0000000e+00   0.0000000e+00  -7.1928812e-04
  -5.9364275e-02   9.5146525e-02   0.0000000e+00   0.0000000e+00   0.0000000e+00   6.3834767e-04
  -1.3749611e-01   1.5162715e-01   0.0000000e+00   0.0000000e+00   0.0000000e+00   1.1336441e-03
  -1.1018831e-01   9.6501385e-02   0.0000000e+00   0.0000000e+00   0.0000000e+00   8.4934881e-04
  -1.5603612e-01   1.4240526e-01   0.0000000e+00   0.0000000e+00   0.0000000e+00   1.1050185e-03
  -8.5916452e-02   1.3187113e-01   0.0000000e+00   0.0000000e+00   0.0000000e+00   9.7790661e-04
  -8.9339371e-02   9.7460570e-02   0.0000000e+00   0.0000000e+00   0.0000000e+00   6.4762197e-04
  -8.8488126e-02   1.3579998e-01   0.0000000e+00   0.0000000e+00   0.0000000e+00   9.9086425e-04
  -8.0911563e-02   9.4743324e-02   0.0000000e+00   0.0000000e+00   0.0000000e+00   7.0965733e-04
  -4.0207556e-02   6.3615974e-03   0.0000000e+00   0.0000000e+00   0.0000000e+00   1.6966980e-04
  -2.8019712e-02   1.0043162e-02   0.0000000e+00   0.0000000e+00   0.0000000e+00   2.0226657e-04
  -9.7914655e-02  -1.4975770e-02   0.0000000e+00   0.0000000e+00   0.0000000e+00   3.2724716e-04
  -1.7275951e-01   5.2806024e-02   0.0000000e+00   0.0000000e+00   0.0000000e+00   8.0826631e-04
  -1.2207171e-01   3.8372376e-02   0.0000000e+00   0.0000000e+00   0.0000000e+00   5.3883943e-04
  -1.5126671e-01   4.8390762e-02   0.0000000e+00   0.0000000e+00   0.0000000e+00   3.9434523e-04
  -4.0168989e-02   4.4254138e-03   0.0000000e+00   0.0000000e+00   0.0000000e+00  -7.6641441e-05
   6.3925755e-03  -1.0357429e-02   0.0000000e+00   0.0000000e+00   0.0000000e+00  -1.4709468e-04
  -3.4160048e-02  -1.9985785e-02   0.0000000e+00   0.0000000e+00   0.0000000e+00  -1.4752428e-04
   6.1640196e-02  -9.2889918e-02   0.0000000e+00   0.0000000e+00   0.0000000e+00  -7.4714164e-04
   1.3909840e-01  -1.7326125e-01   0.0000000e+00   0.0000000e+00   0.0000000e+00  -1.3580693e-03
   8.7130322e-02  -1.4743597e-01   0.0000000e+00   0.0000000e+00   0.0000000e+00  -9.4610931e-04
   7.5299196e-02  -1.3936639e-01   0.0000000e+00   0.0000000e+00   0.0000000e+00  -9.7512612e-04
  -4.8860239e-02  -7.2872634e-02   0.0000000e+00   0.0000000e+00   0.0000000e+00  -4.9460620e-04
  -4.3940761e-02  -6.8619987e-02   0.0000000e+00   0.0000000e+00   0.0000000e+00  -4.7052864e-04
  -1.2743114e-01  -3.9871501e-02   0.0000000e+00   0.0000000e+00   0.0000000e+00  -5.7379499e-04
   3.3086131e-02  -8.8560885e-02   0.0000000e+00   0.0000000e+00   0.0000000e+00  -1.2235155e-03
  -4.1757304e-02  -2.6714233e-02   0.0000000e+00   0.0000000e+00   0.0000000e+00  -8.3993287e-04
   8.4007376e-02  -1.7764449e-03   0.0000000e+00   0.0000000e+00   0.0000000e+00  -3.8214875e-04
   3.2471668e-03   9.5442907e-03   0.0000000e+00   0.0000000e+00   0.0000000e+00  -4.2712978e-05
   2.3295242e-02   1.6734045e-02   0.0000000e+00   0.0000000e+00   0.0000000e+00   1.5441064e-04
   2.4763972e-01  -1.9598606e-01   0.0000000e+00   0.0000000e+00   0.0000000e+00  -1.5330331e-03
   1.1681048e-01  -1.5685984e-01   0.0000000e+00   0.0000000e+00   0.0000000e+00  -1.1217751e-03
   3.0056493e-01  -2.3062790e-01   0.0000000e+00   0.0000000e+00   0.0000000e+00  -1.8853368e-03
   8.1232688e-02  -1.8838332e-01   0.0000000e+00   0.0000000e+00   0.0000000e+00  -1.5477114e-03
   7.7113364e-02  -1.3867682e-01   0.0000000e+00   0.0000000e+00   0.0000000e+00  -1.0277841e-03
  -6.3441235e-02  -7.4489341e-03   0.0000000e+00   0.0000000e+00   0.0000000e+00   5.7416516e-05
  -5.9222343e-02   2.8555755e-02   0.0000000e+00   0.0000000e+00   0.0000000e+00   3.0182789e-04
  -9.7101294e-02   1.1200994e-01   0.0000000e+00   0.0000000e+00   0.0000000e+00   1.0038337e-03
   7.2488639e-03   4.0074462e-02   0.0000000e+00   0.0000000e+00   0.0000000e+00   2.3090789e-04
  -5.8856279e-02   5.3576102e-02   0.0000000e+00   0.0000000e+00   0.0000000e+00   2.6428904e-04
   2.0211400e-02   2.1474949e-02   0.0000000e+00   0.0000000e+00   0.0000000e+00   3.4330782e-04
  -1.2002497e-01   3.9741908e-02   0.0000000e+00   0.0000000e+00   0.0000000e+00   3.1420832e-04
