   0.0000000e+00   0.0000000e+00   0.0000000e+00   0.0000000e+00   0.0000000e+00   0.0000000e+00
  -1.3611790e-02   1.2692633e-02   0.0000000e+00   0.0000000e+00   0.0000000e+00   3.6935025e-05
  -4.7106689e-02   1.0158820e-02   0.0000000e+00   0.0000000e+00   0.0000000e+00  -1.0106937e-04
   6.4343712e-03   9.9126251e-03   0.0000000e+00   0.0000000e+00   0.0000000e+00  -2.0768150e-04
  -5.0316907e-02   7.4215322e-02   0.0000000e+00   0.0000000e+00   0.0000000e+00   2.0776493e-04
  -2.4198226e-02   7.3245257e-02   0.0000000e+00   0.0000000e+00   0.0000000e+00   2.2603866e-04
   3.4007029e-02   2.3406571e-02   0.0000000e+00   0.0000000e+00   0.0000000e+00  -5.7365451e-05
  -1.9160556e-02   9.3353053e-02   0.0000000e+00   0.0000000e+00   0.0000000e+00   4.0533669e-04
   9.8860614e-02  -5.1272670e-02   0.0000000e+00   0.0000000e+00   0.0000000e+00  -5.5662956e-04
  -6.9269838e-02   9.6046901e-02   0.0000000e+00   0.0000000e+00   0.0000000e+00   7.2587010e-04
  -1.2292688e-01   1.2933894e-01   0.0000000e+00   0.0000000e+00   0.0000000e+00   9.9020537e-04
  -1.0300597e-01   8.5603717e-02   0.0000000e+00   0.0000000e+00   0.0000000e+00   7.6209781e-04
  -1.4359588e-01   1.2380838e-01   0.0000000e+00   0.0000000e+00   0.0000000e+00   1.0014521e-03
  -8.1375053e-02   1.1193841e-01   0.0000000e+00   0.0000000e+00   0.0000000e+00   8.5333636e-04
  -8.5594813e-02   8.8036091e-02   0.0000000e+00   0.0000000e+00   0.0000000e+00   6.0943828e-04
  -6.5765566e-02   1.0105804e-01   0.0000000e+00   0.0000000e+00   0.0000000e+00   7.2906763e-04
  -6.2020764e-02   7.2179229e-02   0.0000000e+00   0.0000000e+00   0.0000000e+00   5.3127358e-04
  -4.6439874e-02   1.6686757e-02   0.0000000e+00   0.0000000e+00   0.0000000e+00   2.8099586e-04
  -4.8118567e-02   2.5581378e-02   0.0000000e+00   0.0000000e+00   0.0000000e+00   4.0685189e-04
  -9.4957182e-02   3.4347211e-03   0.0000000e+00   0.0000000e+00   0.0000000e+00   4.9641274e-04
  -1.7652133e-01   6.8360316e-02   0.0000000e+00   0.0000000e+00   0.0000000e+00   9.5525099e-04
  -1.4094431e-01   6.1196151e-02   0.0000000e+00   0.0000000e+00   0.0000000e+00   7.8381544e-04
  -1.5453360e-01   5.9993175e-02   0.0000000e+00   0.0000000e+00   0.0000000e+00   5.7627398e-04
  -5.9189003e-02   1.8475750e-02   0.0000000e+00   0.0000000e+00   0.0000000e+00   1.4865182e-04
  -2.4724654e-02   1.0586078e-02   0.0000000e+00   0.0000000e+00   0.0000000e+00   1.2462556e-04
  -3.1369414e-02  -1.7958480e-02   0.0000000e+00   0.0000000e+00   0.0000000e+00  -7.8287947e-05
   5.3190060e-02  -7.8729658e-02   0.0000000e+00   0.0000000e+00   0.0000000e+00  -5.6977505e-04
   1.3188403e-01  -1.5187588e-01   0.0000000e+00   0.0000000e+00   0.0000000e+00  -1.1649907e-03
   7.4270379e-02  -1.2413085e-01   0.0000000e+00   0.0000000e+00   0.0000000e+00  -7.2607041e-04
   6.2984259e-02  -1.1948522e-01   0.0000000e+00   0.0000000e+00   0.0000000e+00  -7.6565954e-04
  -7.8209311e-02  -2.9566141e-02   0.0000000e+00   0.0000000e+00   0.0000000e+00  -3.2239323e-05
  -2.8986408e-02  -6.5909690e-02   0.0000000e+00   0.0000000e+00   0.0000000e+00  -4.2571714e-04
  -1.3081376e-01  -2.7134960e-02   0.0000000e+00   0.0000000e+00   0.0000000e+00  -3.5223776e-04
   2.0126906e-02  -7.5632286e-02   0.0000000e+00   0.0000000e+00   0.0000000e+00  -9.8519346e-04
  -4.0612703e-02  -2.6969341e-02   0.0000000e+00   0.0000000e+00   0.0000000e+00  -7.2991578e-04
   5.4787666e-02   9.3279896e-03   0.0000000e+00   0.0000000e+00   0.0000000e+00  -2.0956084e-04
  -3.3014074e-04   1.2463733e-02   0.0000000e+00   0.0000000e+00   0.0000000e+00  -2.7058767e-05
   3.4194345e-02   4.2762322e-04   0.0000000e+00   0.0000000e+00   0.0000000e+00   3.5042624e-05
   2.3038196e-01  -1.8982487e-01   0.0000000e+00   0.0000000e+00   0.0000000e+00  -1.4783177e-03
   9.3085835e-02  -1.3326226e-01   0.0000000e+00   0.0000000e+00   0.0000000e+00  -8.9989832e-04
   2.7856770e-01  -2.1621701e-01   0.0000000e+00   0.0000000e+00   0.0000000e+00  -1.7686667e-03
   6.1503301e-02  -1.5094816e-01   0.0000000e+00   0.0000000e+00   0.0000000e+00  -1.1919068e-03
   6.9960116e-02  -1.2306372e-01   0.0000000e+00   0.0000000e+00   0.0000000e+00  -9.0567430e-04
  -6.8399591e-02  -1.5352677e-03   0.0000000e+00   0.0000000e+00   0.0000000e+00   9.7399343e-05
  -6.0735995e-02   2.8365863e-02   0.0000000e+00   0.0000000e+00   0.0000000e+00   2.9773522e-04
  -9.8087722e-02   1.0283593e-01   0.0000000e+00   0.0000000e+00   0.0000000e+00   9.5575235e-04
   4.2792691e-03   2.6732626e-02   0.0000000e+00   0.0000000e+00   0.0000000e+00   1.5732362e-04
  -5.6900796e-02   5.3762526e-02   0.0000000e+00   0.0000000e+00   0.0000000e+00   3.0939095e-04
   2.9141646e-03   2.7601765e-02   0.0000000e+00   0.0000000e+00   0.0000000e+00   4.1240142e-04
  -1.0787028e-01   3.3681611e-02   0.0000000e+00   0.0000000e+00   0.0000000e+00   2.9279325e-04
