   0.0000000e+00   0.0000000e+00   0.0000000e+00   0.0000000e+00   0.0000000e+00   0.0000000e+00
  -2.2406337e-03   4.9589183e-03   0.0000000e+00   0.0000000e+00   0.0000000e+00  -5.8803922e-05
  -5.1053359e-02   7.9414385e-03   0.0000000e+00   0.0000000e+00   0.0000000e+00  -1.5808936e-04
   1.7076280e-02   3.6319689e-03   0.0000000e+00   0.0000000e+00   0.0000000e+00  -3.3626267e-04
  -6.3651465e-02   8.2010564e-02   0.0000000e+00   0.0000000e+00   0.0000000e+00   2.3174651e-04
  -3.5145548e-02   8.8330647e-02   0.0000000e+00   0.0000000e+00   0.0000000e+00   2.8483027e-04
   2.7789243e-02   2.9323425e-02   0.0000000e+00   0.0000000e+00   0.0000000e+00  -2.6701464e-05
  -5.0727731e-02   1.2575368e-01   0.0000000e+00   0.0000000e+00   0.0000000e+00   6.4357967e-04
   1.0486650e-01  -5.7322605e-02   0.0000000e+00   0.0000000e+00   0.0000000e+00  -6.6776784e-04
  -7.8559974e-02   1.0776108e-01   0.0000000e+00   0.0000000e+00   0.0000000e+00   8.1278102e-04
  -1.3715404e-01   1.5243981e-01   0.0000000e+00   0.0000000e+00   0.0000000e+00   1.1758183e-03
  -1.1974144e-01   1.0809688e-01   0.0000000e+00   0.0000000e+00   0.0000000e+00   9.8934903e-04
  -1.6815398e-01   1.5208309e-01   0.0000000e+00   0.0000000e+00   0.0000000e+00   1.2395484e-03
  -8.8249614e-02   1.3201793e-01   0.0000000e+00   0.0000000e+00   0.0000000e+00   1.0096025e-03
  -9.4256283e-02   1.0170471e-01   0.0000000e+00   0.0000000e+00   0.0000000e+00   7.1579037e-04
  -8.5473114e-02   1.3359811e-01   0.0000000e+00   0.0000000e+00   0.0000000e+00   1.0059973e-03
  -8.4247499e-02   9.8756100e-02   0.0000000e+00   0.0000000e+00   0.0000000e+00   7.9962227e-04
  -5.6635389e-02   2.3228561e-02   0.0000000e+00   0.0000000e+00   0.0000000e+00   3.7318407e-04
  -6.7336588e-02   4.3528021e-02   0.0000000e+00   0.0000000e+00   0.0000000e+00   6.3792365e-04
  -1.5910661e-01   4.0046397e-02   0.0000000e+00   0.0000000e+00   0.0000000e+00   9.9820264e-04
  -2.4463466e-01   1.1070815e-01   0.0000000e+00   0.0000000e+00   0.0000000e+00   1.5140735e-03
  -1.8582837e-01   9.3413782e-02   0.0000000e+00   0.0000000e+00   0.0000000e+00   1.1947999e-03
  -1.9444869e-01   8.2306261e-02   0.0000000e+00   0.0000000e+00   0.0000000e+00   8.4703947e-04
  -8.3305117e-02   3.7534272e-02   0.0000000e+00   0.0000000e+00   0.0000000e+00   3.8456214e-04
  -3.4975010e-02   2.3006478e-02   0.0000000e+00   0.0000000e+00   0.0000000e+00   2.7274302e-04
  -6.2464329e-02  -2.9569890e-04   0.0000000e+00   0.0000000e+00   0.0000000e+00   1.5212393e-04
   4.5625610e-02  -8.6147282e-02   0.0000000e+00   0.0000000e+00   0.0000000e+00  -5.9866103e-04
   1.1067070e-01  -1.5460551e-01   0.0000000e+00   0.0000000e+00   0.0000000e+00  -1.0758801e-03
   5.9157499e-02  -1.2304580e-01   0.0000000e+00   0.0000000e+00   0.0000000e+00  -6.3062167e-04
   3.6818626e-02  -1.0707190e-01   0.0000000e+00   0.0000000e+00   0.0000000e+00  -5.2412058e-04
  -1.0588160e-01  -2.4153457e-02   0.0000000e+00   0.0000000e+00   0.0000000e+00   1.1531108e-04
  -5.6875174e-02  -5.4072492e-02   0.0000000e+00   0.0000000e+00   0.0000000e+00  -2.4254476e-04
  -1.5178437e-01  -2.8556742e-02   0.0000000e+00   0.0000000e+00   0.0000000e+00  -3.9131216e-04
   3.5437571e-02  -9.8800600e-02   0.0000000e+00   0.0000000e+00   0.0000000e+00  -1.2870940e-03
  -2.6182202e-02  -5.4280873e-02   0.0000000e+00   0.0000000e+00   0.0000000e+00  -1.0966414e-03
   8.3471613e-02  -6.6093384e-03   0.0000000e+00   0.0000000e+00   0.0000000e+00  -4.0342322e-04
   3.2292154e-03   6.9471538e-03   0.0000000e+00   0.0000000e+00   0.0000000e+00  -4.6170714e-05
   2.8756842e-02   1.5434886e-02   0.0000000e+00   0.0000000e+00   0.0000000e+00   2.0666924e-04
   2.6900535e-01  -2.0932860e-01   0.0000000e+00   0.0000000e+00   0.0000000e+00  -1.6526853e-03
   9.2294093e-02  -1.3317082e-01   0.0000000e+00   0.0000000e+00   0.0000000e+00  -8.2294556e-04
   3.1159003e-01  -2.2976282e-01   0.0000000e+00   0.0000000e+00   0.0000000e+00  -1.8745557e-03
   7.1807761e-02  -1.7922877e-01   0.0000000e+00   0.0000000e+00   0.0000000e+00  -1.4297333e-03
   7.5693149e-02  -1.3454143e-01   0.0000000e+00   0.0000000e+00   0.0000000e+00  -9.5889013e-04
  -7.5506132e-02   7.6406498e-04   0.0000000e+00   0.0000000e+00   0.0000000e+00   2.0071387e-04
  -6.2608696e-02   3.0452104e-02   0.0000000e+00   0.0000000e+00   0.0000000e+00   3.8216605e-04
  -1.1073507e-01   1.2319270e-01   0.0000000e+00   0.0000000e+00   0.0000000e+00   1.1930523e-03
   8.9624748e-03   3.7146762e-02   0.0000000e+00   0.0000000e+00   0.0000000e+00   2.6195304e-04
  -7.2567938e-02   6.1893037e-02   0.0000000e+00   0.0000000e+00   0.0000000e+00   4.2447793e-04
  -1.2898098e-02   5.3742103e-02   0.0000000e+00   0.0000000e+00   0.0000000e+00   7.5465508e-04
  -1.3689577e-01   5.2017494e-02   0.0000000e+00   0.0000000e+00   0.0000000e+00   5.0397625e-04
