   0.0000000e+00   0.0000000e+00   0.0000000e+00   0.0000000e+00   0.0000000e+00   0.0000000e+00
  -4.7076368e-03   6.4159375e-03   0.0000000e+00   0.0000000e+00   0.0000000e+00  -2.2409885e-05
  -3.4283260e-02   6.9449407e-03   0.0000000e+00   0.0000000e+00   0.0000000e+00  -1.2760814e-04
   1.2637427e-02   9.6371245e-03   0.0000000e+00   0.0000000e+00   0.0000000e+00  -1.9291778e-04
  -3.3645770e-02   6.6661225e-02   0.0000000e+00   0.0000000e+00   0.0000000e+00   1.4438822e-04
  -2.7628910e-03   5.8111016e-02   0.0000000e+00   0.0000000e+00   0.0000000e+00   9.2728935e-05
   4.8233997e-02   1.3377902e-02   0.0000000e+00   0.0000000e+00   0.0000000e+00  -1.5330047e-04
   1.0205057e-02   5.8591951e-02   0.0000000e+00   0.0000000e+00   0.0000000e+00   1.2785410e-04
   9.4962019e-02  -4.5381138e-02   0.0000000e+00   0.0000000e+00   0.0000000e+00  -4.6653413e-04
  -4.0880314e-02   6.7808108e-02   0.0000000e+00   0.0000000e+00   0.0000000e+00   4.7527664e-04
  -9.3494701e-02   9.8666021e-02   0.0000000e+00   0.0000000e+00   0.0000000e+00   7.1016534e-04
  -8.5527389e-02   7.3301859e-02   0.0000000e+00   0.0000000e+00   0.0000000e+00   6.3137197e-04
  -1.0262505e-01   9.4049834e-02   0.0000000e+00   0.0000000e+00   0.0000000e+00   7.0895896e-04
  -4.8321774e-02   8.0307537e-02   0.0000000e+00   0.0000000e+00   0.0000000e+00   5.3796666e-04
  -5.6219681e-02   6.5954272e-02   0.0000000e+00   0.0000000e+00   0.0000000e+00   3.8902309e-04
  -3.6409188e-02   7.7395233e-02   0.0000000e+00   0.0000000e+00   0.0000000e+00   4.8952903e-04
  -3.4310844e-02   5.3743929e-02   0.0000000e+00   0.0000000e+00   0.0000000e+00   3.7476865e-04
  -2.3253231e-02   2.4467574e-03   0.0000000e+00   0.0000000e+00   0.0000000e+00   1.4519826e-04
  -3.3623310e-02   1.4956113e-02   0.0000000e+00   0.0000000e+00   0.0000000e+00   2.9547541e-04
  -5.4024561e-02  -2.1505509e-02   0.0000000e+00   0.0000000e+00   0.0000000e+00   2.1784754e-04
  -1.3647083e-01   3.9785114e-02   0.0000000e+00   0.0000000e+00   0.0000000e+00   6.4201524e-04
  -1.0743603e-01   3.5021712e-02   0.0000000e+00   0.0000000e+00   0.0000000e+00   4.8877574e-04
  -1.2024759e-01   3.5626806e-02   0.0000000e+00   0.0000000e+00   0.0000000e+00   3.5567160e-04
  -4.2230450e-02   5.0295938e-03   0.0000000e+00   0.0000000e+00   0.0000000e+00   1.7927999e-05
  -3.3672948e-03  -1.0189674e-02   0.0000000e+00   0.0000000e+00   0.0000000e+00  -6.5000174e-05
  -1.2860443e-02  -2.2571154e-02   0.0000000e+00   0.0000000e+00   0.0000000e+00  -1.4701040e-04
   6.9808914e-02  -8.6298337e-02   0.0000000e+00   0.0000000e+00   0.0000000e+00  -6.2872065e-04
   1.4068387e-01  -1.4967644e-01   0.0000000e+00   0.0000000e+00   0.0000000e+00  -1.1460032e-03
   9.9784539e-02  -1.4018715e-01   0.0000000e+00   0.0000000e+00   0.0000000e+00  -8.8185545e-04
   8.9944731e-02  -1.4015707e-01   0.0000000e+00   0.0000000e+00   0.0000000e+00  -9.9147775e-04
  -4.0923851e-02  -5.3061270e-02   0.0000000e+00   0.0000000e+00   0.0000000e+00  -2.9776537e-04
  -9.9025903e-03  -7.1022829e-02   0.0000000e+00   0.0000000e+00   0.0000000e+00  -4.9867645e-04
  -9.7466938e-02  -4.0175285e-02   0.0000000e+00   0.0000000e+00   0.0000000e+00  -4.9011239e-04
   3.2117948e-02  -8.0857020e-02   0.0000000e+00   0.0000000e+00   0.0000000e+00  -1.0168664e-03
  -2.0536731e-02  -2.8206824e-02   0.0000000e+00   0.0000000e+00   0.0000000e+00  -6.9648929e-04
   6.7971834e-02  -3.4647645e-03   0.0000000e+00   0.0000000e+00   0.0000000e+00  -3.4843245e-04
   2.0784356e-02   1.1239903e-03   0.0000000e+00   0.0000000e+00   0.0000000e+00  -1.6360937e-04
   5.0905089e-02  -1.5795022e-02   0.0000000e+00   0.0000000e+00   0.0000000e+00  -1.3495981e-04
   2.3452456e-01  -1.9809355e-01   0.0000000e+00   0.0000000e+00   0.0000000e+00  -1.5564765e-03
   1.1151155e-01  -1.4010580e-01   0.0000000e+00   0.0000000e+00   0.0000000e+00  -1.0514929e-03
   2.7194901e-01  -2.1486015e-01   0.0000000e+00   0.0000000e+00   0.0000000e+00  -1.8086783e-03
   8.8207751e-02  -1.6086015e-01   0.0000000e+00   0.0000000e+00   0.0000000e+00  -1.3340382e-03
   8.1097795e-02  -1.2227685e-01   0.0000000e+00   0.0000000e+00   0.0000000e+00  -9.7261083e-04
  -4.1062471e-02  -1.5544816e-02   0.0000000e+00   0.0000000e+00   0.0000000e+00  -7.9300211e-05
  -4.2438573e-02   2.3024390e-02   0.0000000e+00   0.0000000e+00   0.0000000e+00   1.8676549e-04
  -6.7726142e-02   8.2714781e-02   0.0000000e+00   0.0000000e+00   0.0000000e+00   6.9395142e-04
   1.8670452e-02   1.7106707e-02   0.0000000e+00   0.0000000e+00   0.0000000e+00   2.9640647e-05
  -4.2231208e-02   4.7561017e-02   0.0000000e+00   0.0000000e+00   0.0000000e+00   2.3922683e-04
   2.3165095e-02   5.9800675e-03   0.0000000e+00   0.0000000e+00   0.0000000e+00   1.8593275e-04
  -7.2147521e-02   1.6431177e-02   0.0000000e+00   0.0000000e+00   0.0000000e+00   7.8960123e-05
