   9.6296497e-35   0.0000000e+00   0.0000000e+00   0.0000000e+00   0.0000000e+00   0.0000000e+00
  -1.7266284e-03   7.9228870e-03   0.0000000e+00   0.0000000e+00   0.0000000e+00  -9.4357039e-05
  -8.3777723e-02   3.7553868e-02   0.0000000e+00   0.0000000e+00   0.0000000e+00   1.2804748e-04
   1.0594510e-01  -3.1069157e-02   0.0000000e+00   0.0000000e+00   0.0000000e+00  -7.0337792e-04
  -8.5812183e-02   1.0074249e-01   0.0000000e+00   0.0000000e+00   0.0000000e+00   3.5462823e-04
  -8.0414555e-02   1.1775243e-01   0.0000000e+00   0.0000000e+00   0.0000000e+00   6.1437962e-04
  -2.0920883e-02   5.2681926e-02   0.0000000e+00   0.0000000e+00   0.0000000e+00   1.5329134e-04
  -4.6360162e-02   1.2779215e-01   0.0000000e+00   0.0000000e+00   0.0000000e+00   6.4739714e-04
   1.0844233e-01  -6.5429765e-02   0.0000000e+00   0.0000000e+00   0.0000000e+00  -7.9562262e-04
  -1.4696312e-02   7.5621390e-02   0.0000000e+00   0.0000000e+00   0.0000000e+00   4.6754514e-04
  -1.1014425e-01   1.3733396e-01   0.0000000e+00   0.0000000e+00   0.0000000e+00   9.9746841e-04
  -1.6469717e-01   1.3182666e-01   0.0000000e+00   0.0000000e+00   0.0000000e+00   1.1748202e-03
  -2.4311240e-01   1.8586641e-01   0.0000000e+00   0.0000000e+00   0.0000000e+00   1.5171747e-03
  -4.2262753e-02   1.1490018e-01   0.0000000e+00   0.0000000e+00   0.0000000e+00   8.3651707e-04
  -5.9410240e-02   8.4290397e-02   0.0000000e+00   0.0000000e+00   0.0000000e+00   4.6471199e-04
  -1.3703296e-01   1.5967680e-01   0.0000000e+00   0.0000000e+00   0.0000000e+00   1.2037560e-03
  -8.9038034e-02   9.9740013e-02   0.0000000e+00   0.0000000e+00   0.0000000e+00   7.6840565e-04
  -5.5670665e-02   1.7891289e-02   0.0000000e+00   0.0000000e+00   0.0000000e+00   3.0195821e-04
  -8.6827249e-02   3.6889069e-02   0.0000000e+00   0.0000000e+00   0.0000000e+00   4.0540520e-04
  -1.8705124e-01   2.8170277e-02   0.0000000e+00   0.0000000e+00   0.0000000e+00   7.8466800e-04
  -2.4718266e-01   9.9554179e-02   0.0000000e+00   0.0000000e+00   0.0000000e+00   1.2652774e-03
  -1.3013998e-01   4.7352316e-02   0.0000000e+00   0.0000000e+00   0.0000000e+00   6.5228905e-04
  -1.3875907e-01   5.0687253e-02   0.0000000e+00   0.0000000e+00   0.0000000e+00   4.4321508e-04
  -8.3503667e-02   2.3324160e-02   0.0000000e+00   0.0000000e+00   0.0000000e+00   1.8301435e-04
   2.4142540e-02  -9.6308879e-03   0.0000000e+00   0.0000000e+00   0.0000000e+00  -1.3215358e-04
  -6.5057138e-02  -1.7917229e-02   0.0000000e+00   0.0000000e+00   0.0000000e+00  -9.9471635e-05
   2.5945618e-02  -9.3748857e-02   0.0000000e+00   0.0000000e+00   0.0000000e+00  -7.1368128e-04
   9.7641194e-02  -1.6435189e-01   0.0000000e+00   0.0000000e+00   0.0000000e+00  -1.2884803e-03
   7.8328521e-02  -1.3443523e-01   0.0000000e+00   0.0000000e+00   0.0000000e+00  -9.0872707e-04
   6.6390779e-02  -1.3585031e-01   0.0000000e+00   0.0000000e+00   0.0000000e+00  -8.8904478e-04
  -3.9010229e-02  -5.9369549e-02   0.0000000e+00   0.0000000e+00   0.0000000e+00  -3.9283481e-04
  -7.2022173e-02  -5.6608711e-02   0.0000000e+00   0.0000000e+00   0.0000000e+00  -3.1138089e-04
  -1.3708546e-01  -3.6489256e-02   0.0000000e+00   0.0000000e+00   0.0000000e+00  -5.1066778e-04
   2.7714192e-02  -9.0746985e-02   0.0000000e+00   0.0000000e+00   0.0000000e+00  -1.2406980e-03
  -5.8971721e-02  -3.4482292e-02   0.0000000e+00   0.0000000e+00   0.0000000e+00  -9.2074262e-04
   3.6533197e-02   1.6364804e-02   0.0000000e+00   0.0000000e+00   0.0000000e+00  -2.2350243e-04
  -9.8526674e-04   1.8651472e-02   0.0000000e+00   0.0000000e+00   0.0000000e+00   3.3280839e-05
   3.3138265e-02   1.2281321e-02   0.0000000e+00   0.0000000e+00   0.0000000e+00   1.3954393e-04
   2.5814255e-01  -2.0318368e-01   0.0000000e+00   0.0000000e+00   0.0000000e+00  -1.6115763e-03
   1.2723258e-01  -1.5130362e-01   0.0000000e+00   0.0000000e+00   0.0000000e+00  -1.0920821e-03
   2.6677144e-01  -2.0543191e-01   0.0000000e+00   0.0000000e+00   0.0000000e+00  -1.5867516e-03
   7.6656235e-02  -1.7926922e-01   0.0000000e+00   0.0000000e+00   0.0000000e+00  -1.4457244e-03
   7.3828709e-02  -1.3232041e-01   0.0000000e+00   0.0000000e+00   0.0000000e+00  -1.0262487e-03
  -1.2952901e-01   1.5594732e-02   0.0000000e+00   0.0000000e+00   0.0000000e+00   2.8964439e-04
  -4.9560508e-02   2.4603989e-02   0.0000000e+00   0.0000000e+00   0.0000000e+00   2.4779128e-04
  -1.2455454e-01   1.3031942e-01   0.0000000e+00   0.0000000e+00   0.0000000e+00   1.2333803e-03
  -4.4451601e-02   5.8514160e-02   0.0000000e+00   0.0000000e+00   0.0000000e+00   4.5885160e-04
  -1.2597290e-01   8.3464909e-02   0.0000000e+00   0.0000000e+00   0.0000000e+00   5.9164763e-04
   4.8847522e-02   9.4990917e-03   0.0000000e+00   0.0000000e+00   0.0000000e+00   2.1912031e-04
  -1.1402227e-01   3.7144629e-02   0.0000000e+00   0.0000000e+00   0.0000000e+00   3.3864615e-04
