   0.0000000e+00   9.6296497e-35   0.0000000e+00   0.0000000e+00   0.0000000e+00   0.0000000e+00
  -1.2279176e-02   1.3598396e-02   0.0000000e+00   0.0000000e+00   0.0000000e+00   4.4389978e-05
  -5.5634449e-02   1.4912828e-02   0.0000000e+00   0.0000000e+00   0.0000000e+00  -6.0183042e-05
   3.6175757e-03   1.4830998e-02   0.0000000e+00   0.0000000e+00   0.0000000e+00  -1.8198232e-04
  -5.9307966e-02   8.0341618e-02   0.0000000e+00   0.0000000e+00   0.0000000e+00   2.4760862e-04
  -2.8843002e-02   8.1573657e-02   0.0000000e+00   0.0000000e+00   0.0000000e+00   2.7014539e-04
   3.0934846e-02   2.8191999e-02   0.0000000e+00   0.0000000e+00   0.0000000e+00  -1.4633254e-05
  -3.0577427e-02   1.0779617e-01   0.0000000e+00   0.0000000e+00   0.0000000e+00   4.9588476e-04
   1.0698172e-01  -5.5450774e-02   0.0000000e+00   0.0000000e+00   0.0000000e+00  -6.3095394e-04
  -7.1768445e-02   1.0146434e-01   0.0000000e+00   0.0000000e+00   0.0000000e+00   7.5771914e-04
  -1.2986845e-01   1.4010892e-01   0.0000000e+00   0.0000000e+00   0.0000000e+00   1.0802769e-03
  -1.1651445e-01   1.0085177e-01   0.0000000e+00   0.0000000e+00   0.0000000e+00   9.1498761e-04
  -1.5960974e-01   1.4247975e-01   0.0000000e+00   0.0000000e+00   0.0000000e+00   1.1612772e-03
  -8.5097512e-02   1.2330625e-01   0.0000000e+00   0.0000000e+00   0.0000000e+00   9.4029527e-04
  -9.1763328e-02   9.5666205e-02   0.0000000e+00   0.0000000e+00   0.0000000e+00   6.8104373e-04
  -7.6197388e-02   1.1920871e-01   0.0000000e+00   0.0000000e+00   0.0000000e+00   8.9338243e-04
  -7.5905953e-02   9.0086584e-02   0.0000000e+00   0.0000000e+00   0.0000000e+00   7.2348069e-04
  -4.9537563e-02   1.8859703e-02   0.0000000e+00   0.0000000e+00   0.0000000e+00   3.2294588e-04
  -5.0087175e-02   3.0495294e-02   0.0000000e+00   0.0000000e+00   0.0000000e+00   4.6952740e-04
  -1.1887978e-01   1.6479535e-02   0.0000000e+00   0.0000000e+00   0.0000000e+00   6.7539882e-04
  -1.9858333e-01   8.0948217e-02   0.0000000e+00   0.0000000e+00   0.0000000e+00   1.1239872e-03
  -1.5609223e-01   7.1687878e-02   0.0000000e+00   0.0000000e+00   0.0000000e+00   9.1012786e-04
  -1.6899306e-01   6.7356395e-02   0.0000000e+00   0.0000000e+00   0.0000000e+00   6.5269202e-04
  -6.6003675e-02   2.4784082e-02   0.0000000e+00   0.0000000e+00   0.0000000e+00   2.2134973e-04
  -2.5123490e-02   1.4509053e-02   0.0000000e+00   0.0000000e+00   0.0000000e+00   1.6490757e-04
  -4.4327649e-02  -9.4252029e-03   0.0000000e+00   0.0000000e+00   0.0000000e+00   2.5461426e-05
   5.4007072e-02  -8.2122941e-02   0.0000000e+00   0.0000000e+00   0.0000000e+00  -5.9411819e-04
   1.2923467e-01  -1.5354803e-01   0.0000000e+00   0.0000000e+00   0.0000000e+00  -1.1369879e-03
   6.8439009e-02  -1.1979490e-01   0.0000000e+00   0.0000000e+00   0.0000000e+00  -6.5194283e-04
   5.2287297e-02  -1.1294517e-01   0.0000000e+00   0.0000000e+00   0.0000000e+00  -6.5910213e-04
  -9.0369728e-02  -2.7754898e-02   0.0000000e+00   0.0000000e+00   0.0000000e+00   1.2889149e-05
  -4.1338022e-02  -6.1612575e-02   0.0000000e+00   0.0000000e+00   0.0000000e+00  -3.7136030e-04
  -1.4215275e-01  -2.5783148e-02   0.0000000e+00   0.0000000e+00   0.0000000e+00  -3.7286532e-04
   2.7668108e-02  -8.5692701e-02   0.0000000e+00   0.0000000e+00   0.0000000e+00  -1.1311628e-03
  -3.8237441e-02  -3.4687146e-02   0.0000000e+00   0.0000000e+00   0.0000000e+00  -8.5310962e-04
   6.0471007e-02   8.7618246e-03   0.0000000e+00   0.0000000e+00   0.0000000e+00  -2.2578834e-04
   1.9369502e-03   1.0089359e-02   0.0000000e+00   0.0000000e+00   0.0000000e+00  -2.8625354e-05
   2.8807140e-02   1.1104331e-02   0.0000000e+00   0.0000000e+00   0.0000000e+00   1.5875746e-04
   2.4304770e-01  -1.9203997e-01   0.0000000e+00   0.0000000e+00   0.0000000e+00  -1.4932734e-03
   8.7819786e-02  -1.2879664e-01   0.0000000e+00   0.0000000e+00   0.0000000e+00  -8.2759302e-04
   2.9222159e-01  -2.2089045e-01   0.0000000e+00   0.0000000e+00   0.0000000e+00  -1.8022523e-03
   5.9280366e-02  -1.5823255e-01   0.0000000e+00   0.0000000e+00   0.0000000e+00  -1.2421240e-03
   6.5487408e-02  -1.2216102e-01   0.0000000e+00   0.0000000e+00   0.0000000e+00  -8.6810887e-04
  -8.1391193e-02   6.9386914e-03   0.0000000e+00   0.0000000e+00   0.0000000e+00   2.3504813e-04
  -6.6551631e-02   3.3018466e-02   0.0000000e+00   0.0000000e+00   0.0000000e+00   3.8651969e-04
  -1.1359423e-01   1.2030580e-01   0.0000000e+00   0.0000000e+00   0.0000000e+00   1.1604792e-03
  -3.1557419e-03   3.9642557e-02   0.0000000e+00   0.0000000e+00   0.0000000e+00   2.9532194e-04
  -6.6473014e-02   6.1066097e-02   0.0000000e+00   0.0000000e+00   0.0000000e+00   3.8479183e-04
  -8.9790455e-03   4.5672824e-02   0.0000000e+00   0.0000000e+00   0.0000000e+00   6.2449280e-04
  -1.3501351e-01   5.3209632e-02   0.0000000e+00   0.0000000e+00   0.0000000e+00   5.0126627e-04
