   8.7004060e-55   0.0000000e+00   0.0000000e+00   0.0000000e+00   0.0000000e+00   0.0000000e+00
  -7.7190373e-03   9.1925295e-03   0.0000000e+00   0.0000000e+00   0.0000000e+00  -1.0967036e-05
  -5.3769965e-02   1.1677287e-02   0.0000000e+00   0.0000000e+00   0.0000000e+00  -1.1048738e-04
   1.2096488e-02   8.0647240e-03   0.0000000e+00   0.0000000e+00   0.0000000e+00  -2.7776333e-04
  -5.9454825e-02   7.9287362e-02   0.0000000e+00   0.0000000e+00   0.0000000e+00   2.1703228e-04
  -2.8093772e-02   8.3534932e-02   0.0000000e+00   0.0000000e+00   0.0000000e+00   2.5609471e-04
   3.3239784e-02   2.6493912e-02   0.0000000e+00   0.0000000e+00   0.0000000e+00  -4.4867719e-05
  -3.5687803e-02   1.1465049e-01   0.0000000e+00   0.0000000e+00   0.0000000e+00   5.4035109e-04
   1.0912332e-01  -5.7292792e-02   0.0000000e+00   0.0000000e+00   0.0000000e+00  -6.6197572e-04
  -7.3588073e-02   1.0526821e-01   0.0000000e+00   0.0000000e+00   0.0000000e+00   7.8631130e-04
  -1.3437704e-01   1.4862008e-01   0.0000000e+00   0.0000000e+00   0.0000000e+00   1.1493927e-03
  -1.1709828e-01   1.0474105e-01   0.0000000e+00   0.0000000e+00   0.0000000e+00   9.4892817e-04
  -1.6399413e-01   1.4883962e-01   0.0000000e+00   0.0000000e+00   0.0000000e+00   1.2099523e-03
  -8.4278083e-02   1.2764749e-01   0.0000000e+00   0.0000000e+00   0.0000000e+00   9.6569258e-04
  -9.2387677e-02   9.9737431e-02   0.0000000e+00   0.0000000e+00   0.0000000e+00   7.0552609e-04
  -8.2445746e-02   1.2846543e-01   0.0000000e+00   0.0000000e+00   0.0000000e+00   9.7253440e-04
  -8.1834435e-02   9.6877662e-02   0.0000000e+00   0.0000000e+00   0.0000000e+00   7.9049297e-04
  -5.2667781e-02   2.1607014e-02   0.0000000e+00   0.0000000e+00   0.0000000e+00   3.5496037e-04
  -5.5341017e-02   3.5874402e-02   0.0000000e+00   0.0000000e+00   0.0000000e+00   5.3943759e-04
  -1.3907403e-01   2.8201016e-02   0.0000000e+00   0.0000000e+00   0.0000000e+00   8.3774476e-04
  -2.1879230e-01   9.4581327e-02   0.0000000e+00   0.0000000e+00   0.0000000e+00   1.3074068e-03
  -1.6702151e-01   8.0653766e-02   0.0000000e+00   0.0000000e+00   0.0000000e+00   1.0313361e-03
  -1.7591905e-01   7.0516967e-02   0.0000000e+00   0.0000000e+00   0.0000000e+00   7.0151897e-04
  -7.0820940e-02   2.9213208e-02   0.0000000e+00   0.0000000e+00   0.0000000e+00   2.8063519e-04
  -2.5412125e-02   1.6642062e-02   0.0000000e+00   0.0000000e+00   0.0000000e+00   1.9158408e-04
  -4.9280313e-02  -6.9551098e-03   0.0000000e+00   0.0000000e+00   0.0000000e+00   6.5914980e-05
   5.4267569e-02  -8.6157937e-02   0.0000000e+00   0.0000000e+00   0.0000000e+00  -6.1911673e-04
   1.2767608e-01  -1.5803274e-01   0.0000000e+00   0.0000000e+00   0.0000000e+00  -1.1504231e-03
   7.0063590e-02  -1.2533087e-01   0.0000000e+00   0.0000000e+00   0.0000000e+00  -6.7941373e-04
   5.0509829e-02  -1.1412798e-01   0.0000000e+00   0.0000000e+00   0.0000000e+00  -6.3435067e-04
  -9.3574004e-02  -2.8157885e-02   0.0000000e+00   0.0000000e+00   0.0000000e+00   3.9215703e-05
  -4.1978209e-02  -6.2588793e-02   0.0000000e+00   0.0000000e+00   0.0000000e+00  -3.6218311e-04
  -1.4175550e-01  -3.1229063e-02   0.0000000e+00   0.0000000e+00   0.0000000e+00  -4.2653521e-04
   3.7552593e-02  -9.6680037e-02   0.0000000e+00   0.0000000e+00   0.0000000e+00  -1.2605628e-03
  -2.8974330e-02  -4.6548354e-02   0.0000000e+00   0.0000000e+00   0.0000000e+00  -9.9919648e-04
   7.6111377e-02  -8.0145287e-04   0.0000000e+00   0.0000000e+00   0.0000000e+00  -3.3713615e-04
   7.0776327e-03   5.6774389e-03   0.0000000e+00   0.0000000e+00   0.0000000e+00  -6.6228713e-05
   3.1839307e-02   1.2122799e-02   0.0000000e+00   0.0000000e+00   0.0000000e+00   1.7027916e-04
   2.5711262e-01  -2.0148577e-01   0.0000000e+00   0.0000000e+00   0.0000000e+00  -1.5828423e-03
   9.0455951e-02  -1.3089505e-01   0.0000000e+00   0.0000000e+00   0.0000000e+00  -8.2224316e-04
   3.0727576e-01  -2.2973207e-01   0.0000000e+00   0.0000000e+00   0.0000000e+00  -1.8848096e-03
   7.0791212e-02  -1.7314271e-01   0.0000000e+00   0.0000000e+00   0.0000000e+00  -1.3808960e-03
   7.3795523e-02  -1.3043766e-01   0.0000000e+00   0.0000000e+00   0.0000000e+00  -9.3642821e-04
  -7.7783288e-02   3.8009090e-03   0.0000000e+00   0.0000000e+00   0.0000000e+00   2.2037472e-04
  -6.3754201e-02   3.1549404e-02   0.0000000e+00   0.0000000e+00   0.0000000e+00   3.8029932e-04
  -1.1438993e-01   1.2376928e-01   0.0000000e+00   0.0000000e+00   0.0000000e+00   1.2020767e-03
   3.7032630e-03   3.7712462e-02   0.0000000e+00   0.0000000e+00   0.0000000e+00   2.7049665e-04
  -6.9543398e-02   6.2716371e-02   0.0000000e+00   0.0000000e+00   0.0000000e+00   4.1465739e-04
  -9.4549461e-03   4.9719609e-02   0.0000000e+00   0.0000000e+00   0.0000000e+00   6.8701597e-04
  -1.3708368e-01   5.3588530e-02   0.0000000e+00   0.0000000e+00   0.0000000e+00   5.1174609e-04
