   0.0000000e+00   0.0000000e+00   0.0000000e+00   0.0000000e+00   0.0000000e+00   0.0000000e+00
  -1.0159041e-02   1.2035732e-02   0.0000000e+00   0.0000000e+00   0.0000000e+00   8.5320940e-06
  -4.9205347e-02   1.2753867e-02   0.0000000e+00   0.0000000e+00   0.0000000e+00  -9.2864294e-05
   1.0082291e-02   1.0295243e-02   0.0000000e+00   0.0000000e+00   0.0000000e+00  -2.2706581e-04
  -4.5959749e-02   7.3406579e-02   0.0000000e+00   0.0000000e+00   0.0000000e+00   1.6728521e-04
  -2.2157884e-02   7.6050379e-02   0.0000000e+00   0.0000000e+00   0.0000000e+00   2.2381003e-04
   4.1750173e-02   2.0361478e-02   0.0000000e+00   0.0000000e+00   0.0000000e+00  -1.0611586e-04
  -1.6127566e-02   9.4569241e-02   0.0000000e+00   0.0000000e+00   0.0000000e+00   3.8493812e-04
   9.7113478e-02  -4.9520759e-02   0.0000000e+00   0.0000000e+00   0.0000000e+00  -5.4574417e-04
  -6.3774731e-02   9.3683448e-02   0.0000000e+00   0.0000000e+00   0.0000000e+00   6.7844629e-04
  -1.2044457e-01   1.3119539e-01   0.0000000e+00   0.0000000e+00   0.0000000e+00   9.8922061e-04
  -1.0276195e-01   8.8033604e-02   0.0000000e+00   0.0000000e+00   0.0000000e+00   7.7603853e-04
  -1.3551271e-01   1.2252696e-01   0.0000000e+00   0.0000000e+00   0.0000000e+00   9.5654558e-04
  -7.3462225e-02   1.1173156e-01   0.0000000e+00   0.0000000e+00   0.0000000e+00   8.1715400e-04
  -7.7024152e-02   8.4531841e-02   0.0000000e+00   0.0000000e+00   0.0000000e+00   5.4919955e-04
  -6.1578830e-02   1.0357990e-01   0.0000000e+00   0.0000000e+00   0.0000000e+00   7.2902084e-04
  -5.7881073e-02   7.4839894e-02   0.0000000e+00   0.0000000e+00   0.0000000e+00   5.3109480e-04
  -4.1074518e-02   1.2721609e-02   0.0000000e+00   0.0000000e+00   0.0000000e+00   2.3570391e-04
  -4.6192846e-02   2.6106301e-02   0.0000000e+00   0.0000000e+00   0.0000000e+00   3.9781339e-04
  -9.2225657e-02  -3.7739296e-03   0.0000000e+00   0.0000000e+00   0.0000000e+00   4.3913722e-04
  -1.6731354e-01   6.0296471e-02   0.0000000e+00   0.0000000e+00   0.0000000e+00   8.7143886e-04
  -1.3210351e-01   5.4362541e-02   0.0000000e+00   0.0000000e+00   0.0000000e+00   7.1469671e-04
  -1.4698673e-01   5.5218596e-02   0.0000000e+00   0.0000000e+00   0.0000000e+00   5.1004640e-04
  -4.6969929e-02   1.1396417e-02   0.0000000e+00   0.0000000e+00   0.0000000e+00   6.2710129e-05
  -8.8282758e-03   4.0140969e-04   0.0000000e+00   0.0000000e+00   0.0000000e+00   4.6315722e-06
  -2.5560377e-02  -2.0337321e-02   0.0000000e+00   0.0000000e+00   0.0000000e+00  -1.1575250e-04
   5.6980236e-02  -8.0604461e-02   0.0000000e+00   0.0000000e+00   0.0000000e+00  -5.7930415e-04
   1.3403455e-01  -1.5295166e-01   0.0000000e+00   0.0000000e+00   0.0000000e+00  -1.1636495e-03
   7.3428987e-02  -1.2369452e-01   0.0000000e+00   0.0000000e+00   0.0000000e+00  -7.0911503e-04
   6.4730516e-02  -1.2185998e-01   0.0000000e+00   0.0000000e+00   0.0000000e+00  -7.8577169e-04
  -6.5637622e-02  -4.3315705e-02   0.0000000e+00   0.0000000e+00   0.0000000e+00  -1.7860130e-04
  -2.4186198e-02  -6.8799876e-02   0.0000000e+00   0.0000000e+00   0.0000000e+00  -4.8348684e-04
  -1.2451656e-01  -3.2017519e-02   0.0000000e+00   0.0000000e+00   0.0000000e+00  -4.4581885e-04
   2.6342824e-02  -7.7462958e-02   0.0000000e+00   0.0000000e+00   0.0000000e+00  -1.0353151e-03
  -3.4214020e-02  -2.8699924e-02   0.0000000e+00   0.0000000e+00   0.0000000e+00  -7.7641271e-04
   6.6847996e-02   7.1787481e-03   0.0000000e+00   0.0000000e+00   0.0000000e+00  -2.6237264e-04
   9.5087506e-03   9.7984589e-03   0.0000000e+00   0.0000000e+00   0.0000000e+00  -7.5250478e-05
   3.5902745e-02   5.3550524e-03   0.0000000e+00   0.0000000e+00   0.0000000e+00   6.2207765e-05
   2.3594328e-01  -1.9098916e-01   0.0000000e+00   0.0000000e+00   0.0000000e+00  -1.5018272e-03
   1.0442198e-01  -1.4089358e-01   0.0000000e+00   0.0000000e+00   0.0000000e+00  -1.0064974e-03
   2.8672427e-01  -2.1953380e-01   0.0000000e+00   0.0000000e+00   0.0000000e+00  -1.8265953e-03
   6.9111824e-02  -1.5911617e-01   0.0000000e+00   0.0000000e+00   0.0000000e+00  -1.2998183e-03
   7.2097609e-02  -1.2348587e-01   0.0000000e+00   0.0000000e+00   0.0000000e+00  -9.3192866e-04
  -6.5755511e-02  -2.5559569e-03   0.0000000e+00   0.0000000e+00   0.0000000e+00   7.7604817e-05
  -5.8090269e-02   2.9942306e-02   0.0000000e+00   0.0000000e+00   0.0000000e+00   2.9474908e-04
  -9.1855050e-02   1.0397284e-01   0.0000000e+00   0.0000000e+00   0.0000000e+00   9.3670424e-04
   7.1852333e-03   3.1212455e-02   0.0000000e+00   0.0000000e+00   0.0000000e+00   1.5932031e-04
  -5.5179008e-02   5.6050450e-02   0.0000000e+00   0.0000000e+00   0.0000000e+00   2.9974471e-04
   6.7379488e-03   3.0874316e-02   0.0000000e+00   0.0000000e+00   0.0000000e+00   4.2518648e-04
  -1.0832786e-01   3.7690528e-02   0.0000000e+00   0.0000000e+00   0.0000000e+00   2.9140333e-04
