  -9.6296497e-35   0.0000000e+00   0.0000000e+00   0.0000000e+00   0.0000000e+00   0.0000000e+00
  -6.8237181e-03   1.0523147e-02   0.0000000e+00   0.0000000e+00   0.0000000e+00  -1.3083725e-05
  -5.4838530e-02   1.5957933e-02   0.0000000e+00   0.0000000e+00   0.0000000e+00  -6.9696434e-05
   9.0949564e-03   1.2824160e-02   0.0000000e+00   0.0000000e+00   0.0000000e+00  -2.3144252e-04
  -5.1353646e-02   7.7307544e-02   0.0000000e+00   0.0000000e+00   0.0000000e+00   1.8504537e-04
  -2.0937851e-02   7.8128184e-02   0.0000000e+00   0.0000000e+00   0.0000000e+00   2.0813109e-04
   4.4776411e-02   1.7905533e-02   0.0000000e+00   0.0000000e+00   0.0000000e+00  -1.4115150e-04
  -2.2968052e-02   1.0291593e-01   0.0000000e+00   0.0000000e+00   0.0000000e+00   4.2579968e-04
   1.0494596e-01  -5.4643764e-02   0.0000000e+00   0.0000000e+00   0.0000000e+00  -6.2854700e-04
  -6.5335404e-02   9.8357971e-02   0.0000000e+00   0.0000000e+00   0.0000000e+00   7.0072952e-04
  -1.2262036e-01   1.3615147e-01   0.0000000e+00   0.0000000e+00   0.0000000e+00   1.0211353e-03
  -1.1020080e-01   9.6248234e-02   0.0000000e+00   0.0000000e+00   0.0000000e+00   8.5687492e-04
  -1.4849538e-01   1.3549773e-01   0.0000000e+00   0.0000000e+00   0.0000000e+00   1.0593113e-03
  -7.6014996e-02   1.1866385e-01   0.0000000e+00   0.0000000e+00   0.0000000e+00   8.6042137e-04
  -8.2785035e-02   9.0008074e-02   0.0000000e+00   0.0000000e+00   0.0000000e+00   5.9202386e-04
  -6.7252228e-02   1.1234385e-01   0.0000000e+00   0.0000000e+00   0.0000000e+00   7.9416356e-04
  -6.8854055e-02   8.5342731e-02   0.0000000e+00   0.0000000e+00   0.0000000e+00   6.3899462e-04
  -4.3934801e-02   1.4425732e-02   0.0000000e+00   0.0000000e+00   0.0000000e+00   2.5424960e-04
  -4.6937403e-02   2.7017791e-02   0.0000000e+00   0.0000000e+00   0.0000000e+00   4.1404331e-04
  -1.1056722e-01   6.8608157e-03   0.0000000e+00   0.0000000e+00   0.0000000e+00   5.7284899e-04
  -1.8151064e-01   6.7296948e-02   0.0000000e+00   0.0000000e+00   0.0000000e+00   9.7235677e-04
  -1.4037574e-01   6.0440798e-02   0.0000000e+00   0.0000000e+00   0.0000000e+00   7.7832696e-04
  -1.5619595e-01   5.8913930e-02   0.0000000e+00   0.0000000e+00   0.0000000e+00   5.3863451e-04
  -5.2489019e-02   1.5805320e-02   0.0000000e+00   0.0000000e+00   0.0000000e+00   1.0847086e-04
  -1.3265930e-02   6.6228708e-03   0.0000000e+00   0.0000000e+00   0.0000000e+00   5.8698783e-05
  -3.4602592e-02  -1.6202839e-02   0.0000000e+00   0.0000000e+00   0.0000000e+00  -6.4440874e-05
   5.4865227e-02  -8.1618470e-02   0.0000000e+00   0.0000000e+00   0.0000000e+00  -5.9693532e-04
   1.3205448e-01  -1.5605276e-01   0.0000000e+00   0.0000000e+00   0.0000000e+00  -1.1682989e-03
   6.9886850e-02  -1.2414883e-01   0.0000000e+00   0.0000000e+00   0.0000000e+00  -6.9973549e-04
   6.2197595e-02  -1.2229337e-01   0.0000000e+00   0.0000000e+00   0.0000000e+00  -7.6581592e-04
  -7.0779772e-02  -4.5164568e-02   0.0000000e+00   0.0000000e+00   0.0000000e+00  -1.8121185e-04
  -2.7868063e-02  -7.0469143e-02   0.0000000e+00   0.0000000e+00   0.0000000e+00  -4.9577284e-04
  -1.3192417e-01  -3.3185104e-02   0.0000000e+00   0.0000000e+00   0.0000000e+00  -4.7567140e-04
   3.3046990e-02  -8.7570189e-02   0.0000000e+00   0.0000000e+00   0.0000000e+00  -1.1678519e-03
  -3.3545134e-02  -3.4365173e-02   0.0000000e+00   0.0000000e+00   0.0000000e+00  -8.7362692e-04
   7.2382579e-02   4.0825132e-03   0.0000000e+00   0.0000000e+00   0.0000000e+00  -3.0324273e-04
   7.6570492e-03   9.6851379e-03   0.0000000e+00   0.0000000e+00   0.0000000e+00  -6.3124962e-05
   3.0176039e-02   1.2278167e-02   0.0000000e+00   0.0000000e+00   0.0000000e+00   1.3324468e-04
   2.4141581e-01  -1.9131493e-01   0.0000000e+00   0.0000000e+00   0.0000000e+00  -1.5075074e-03
   1.0362329e-01  -1.4253785e-01   0.0000000e+00   0.0000000e+00   0.0000000e+00  -9.9440553e-04
   3.0210857e-01  -2.2818852e-01   0.0000000e+00   0.0000000e+00   0.0000000e+00  -1.9026755e-03
   7.0592672e-02  -1.6695112e-01   0.0000000e+00   0.0000000e+00   0.0000000e+00  -1.3599797e-03
   7.2752090e-02  -1.2711028e-01   0.0000000e+00   0.0000000e+00   0.0000000e+00  -9.4810445e-04
  -7.3337865e-02   1.4406229e-03   0.0000000e+00   0.0000000e+00   0.0000000e+00   1.3931064e-04
  -6.0581297e-02   3.0944325e-02   0.0000000e+00   0.0000000e+00   0.0000000e+00   3.2208728e-04
  -1.0330897e-01   1.1425244e-01   0.0000000e+00   0.0000000e+00   0.0000000e+00   1.0510106e-03
   4.2769818e-03   3.6204831e-02   0.0000000e+00   0.0000000e+00   0.0000000e+00   2.1119193e-04
  -5.7390470e-02   5.5485069e-02   0.0000000e+00   0.0000000e+00   0.0000000e+00   2.8640346e-04
  -4.8156670e-04   4.2170650e-02   0.0000000e+00   0.0000000e+00   0.0000000e+00   5.4965582e-04
  -1.2346954e-01   4.7280865e-02   0.0000000e+00   0.0000000e+00   0.0000000e+00   3.9728823e-04
