   0.0000000e+00   0.0000000e+00   0.0000000e+00   0.0000000e+00   0.0000000e+00   0.0000000e+00
  -1.4688291e-02   1.2691775e-02   0.0000000e+00   0.0000000e+00   0.0000000e+00   6.3938899e-05
  -3.1372299e-02   5.2087775e-03   0.0000000e+00   0.0000000e+00   0.0000000e+00  -1.5160569e-04
   1.8800416e-02  -3.0987891e-03   0.0000000e+00   0.0000000e+00   0.0000000e+00  -2.7612916e-04
  -2.8718904e-02   5.7519020e-02   0.0000000e+00   0.0000000e+00   0.0000000e+00   9.8720504e-05
  -5.1728421e-03   5.6844711e-02   0.0000000e+00   0.0000000e+00   0.0000000e+00   1.2162096e-04
   4.3556135e-02   1.6055294e-02   0.0000000e+00   0.0000000e+00   0.0000000e+00  -8.6367374e-05
   1.3188026e-02   6.0637352e-02   0.0000000e+00   0.0000000e+00   0.0000000e+00   1.4148538e-04
   9.2699151e-02  -4.1908629e-02   0.0000000e+00   0.0000000e+00   0.0000000e+00  -4.5157327e-04
  -4.4712152e-02   7.1807549e-02   0.0000000e+00   0.0000000e+00   0.0000000e+00   5.2388135e-04
  -8.9041860e-02   9.0780123e-02   0.0000000e+00   0.0000000e+00   0.0000000e+00   6.5767564e-04
  -8.5571480e-02   6.9910201e-02   0.0000000e+00   0.0000000e+00   0.0000000e+00   6.1741260e-04
  -1.0754122e-01   9.5357975e-02   0.0000000e+00   0.0000000e+00   0.0000000e+00   7.3920464e-04
  -5.3400605e-02   7.9406198e-02   0.0000000e+00   0.0000000e+00   0.0000000e+00   5.7669861e-04
  -5.3726379e-02   5.8955421e-02   0.0000000e+00   0.0000000e+00   0.0000000e+00   3.6746528e-04
  -2.8687048e-02   6.9775465e-02   0.0000000e+00   0.0000000e+00   0.0000000e+00   4.3051629e-04
  -3.4496297e-02   5.4011959e-02   0.0000000e+00   0.0000000e+00   0.0000000e+00   3.7446522e-04
  -2.1165618e-02   3.6681538e-03   0.0000000e+00   0.0000000e+00   0.0000000e+00   1.4859343e-04
  -3.0932466e-02   1.6814699e-02   0.0000000e+00   0.0000000e+00   0.0000000e+00   2.9622238e-04
  -5.3930631e-02  -1.3979812e-02   0.0000000e+00   0.0000000e+00   0.0000000e+00   2.5481950e-04
  -1.3980187e-01   4.7308032e-02   0.0000000e+00   0.0000000e+00   0.0000000e+00   7.1148406e-04
  -1.1551502e-01   4.7580544e-02   0.0000000e+00   0.0000000e+00   0.0000000e+00   5.8858962e-04
  -1.2362821e-01   4.5140969e-02   0.0000000e+00   0.0000000e+00   0.0000000e+00   4.2100820e-04
  -4.5537790e-02   1.0392132e-02   0.0000000e+00   0.0000000e+00   0.0000000e+00   4.5649869e-05
  -8.5948529e-03  -3.8807395e-03   0.0000000e+00   0.0000000e+00   0.0000000e+00  -1.1290458e-05
  -1.4063810e-02  -1.9537837e-02   0.0000000e+00   0.0000000e+00   0.0000000e+00  -1.3294815e-04
   6.9544776e-02  -8.1489331e-02   0.0000000e+00   0.0000000e+00   0.0000000e+00  -6.0983050e-04
   1.4174340e-01  -1.4330971e-01   0.0000000e+00   0.0000000e+00   0.0000000e+00  -1.1418694e-03
   9.6239012e-02  -1.2352749e-01   0.0000000e+00   0.0000000e+00   0.0000000e+00  -8.0221860e-04
   8.5235403e-02  -1.2261067e-01   0.0000000e+00   0.0000000e+00   0.0000000e+00  -8.7430678e-04
  -4.1650056e-02  -4.2799139e-02   0.0000000e+00   0.0000000e+00   0.0000000e+00  -2.2000845e-04
  -8.4998702e-03  -6.3357411e-02   0.0000000e+00   0.0000000e+00   0.0000000e+00  -4.6292526e-04
  -9.7640759e-02  -2.3224769e-02   0.0000000e+00   0.0000000e+00   0.0000000e+00  -3.4472200e-04
   2.7527309e-02  -6.7919105e-02   0.0000000e+00   0.0000000e+00   0.0000000e+00  -9.1806039e-04
  -2.2728676e-02  -2.4267553e-02   0.0000000e+00   0.0000000e+00   0.0000000e+00  -6.8073342e-04
   5.4574452e-02   2.4267216e-03   0.0000000e+00   0.0000000e+00   0.0000000e+00  -2.5889210e-04
   1.1536150e-02   4.4434857e-03   0.0000000e+00   0.0000000e+00   0.0000000e+00  -1.0808400e-04
   4.9076828e-02  -1.2882200e-02   0.0000000e+00   0.0000000e+00   0.0000000e+00  -1.3132471e-04
   2.2051822e-01  -1.8061785e-01   0.0000000e+00   0.0000000e+00   0.0000000e+00  -1.4299456e-03
   1.0131143e-01  -1.3052338e-01   0.0000000e+00   0.0000000e+00   0.0000000e+00  -9.7582185e-04
   2.5062210e-01  -1.8583954e-01   0.0000000e+00   0.0000000e+00   0.0000000e+00  -1.5880913e-03
   7.3051554e-02  -1.3277369e-01   0.0000000e+00   0.0000000e+00   0.0000000e+00  -1.1226747e-03
   7.3076081e-02  -1.0856636e-01   0.0000000e+00   0.0000000e+00   0.0000000e+00  -8.8213482e-04
  -4.1560582e-02  -7.0069963e-03   0.0000000e+00   0.0000000e+00   0.0000000e+00  -3.6492904e-05
  -3.7901730e-02   1.9531638e-02   0.0000000e+00   0.0000000e+00   0.0000000e+00   1.3603846e-04
  -7.1874226e-02   8.5307954e-02   0.0000000e+00   0.0000000e+00   0.0000000e+00   7.3603692e-04
   1.5342279e-02   1.9270658e-02   0.0000000e+00   0.0000000e+00   0.0000000e+00   4.7744147e-05
  -3.0932317e-02   3.9216047e-02   0.0000000e+00   0.0000000e+00   0.0000000e+00   1.5066818e-04
   1.2600207e-02   1.3276419e-02   0.0000000e+00   0.0000000e+00   0.0000000e+00   2.6518503e-04
  -7.5445818e-02   1.5635907e-02   0.0000000e+00   0.0000000e+00   0.0000000e+00   9.3796177e-05
