   0.0000000e+00   9.6296497e-35   0.0000000e+00   0.0000000e+00   0.0000000e+00   1.5046328e-36
  -1.1054591e-02   1.2516853e-02   0.0000000e+00   0.0000000e+00   0.0000000e+00   2.7654749e-05
  -5.6324972e-02   1.5299632e-02   0.0000000e+00   0.0000000e+00   0.0000000e+00  -6.3632688e-05
   7.2827736e-03   1.2538316e-02   0.0000000e+00   0.0000000e+00   0.0000000e+00  -2.2034489e-04
  -6.0143612e-02   8.0380741e-02   0.0000000e+00   0.0000000e+00   0.0000000e+00   2.4072193e-04
  -2.7658325e-02   8.2578665e-02   0.0000000e+00   0.0000000e+00   0.0000000e+00   2.6347930e-04
   3.2100625e-02   2.8158547e-02   0.0000000e+00   0.0000000e+00   0.0000000e+00  -2.1204082e-05
  -3.1780909e-02   1.1105466e-01   0.0000000e+00   0.0000000e+00   0.0000000e+00   5.1458473e-04
   1.0978401e-01  -5.6141495e-02   0.0000000e+00   0.0000000e+00   0.0000000e+00  -6.4828253e-04
  -7.1627138e-02   1.0352154e-01   0.0000000e+00   0.0000000e+00   0.0000000e+00   7.6967592e-04
  -1.3200783e-01   1.4480352e-01   0.0000000e+00   0.0000000e+00   0.0000000e+00   1.1164103e-03
  -1.1684854e-01   1.0375606e-01   0.0000000e+00   0.0000000e+00   0.0000000e+00   9.3801335e-04
  -1.6149817e-01   1.4606259e-01   0.0000000e+00   0.0000000e+00   0.0000000e+00   1.1847735e-03
  -8.4260375e-02   1.2604711e-01   0.0000000e+00   0.0000000e+00   0.0000000e+00   9.5498908e-04
  -9.1483315e-02   9.8348561e-02   0.0000000e+00   0.0000000e+00   0.0000000e+00   6.9373286e-04
  -7.7939144e-02   1.2298634e-01   0.0000000e+00   0.0000000e+00   0.0000000e+00   9.2370485e-04
  -7.8556009e-02   9.3318070e-02   0.0000000e+00   0.0000000e+00   0.0000000e+00   7.5618816e-04
  -4.9258722e-02   1.9234009e-02   0.0000000e+00   0.0000000e+00   0.0000000e+00   3.2580118e-04
  -4.8943271e-02   3.0235230e-02   0.0000000e+00   0.0000000e+00   0.0000000e+00   4.7302518e-04
  -1.2676907e-01   2.0465662e-02   0.0000000e+00   0.0000000e+00   0.0000000e+00   7.3288773e-04
  -2.0583881e-01   8.4940841e-02   0.0000000e+00   0.0000000e+00   0.0000000e+00   1.1851258e-03
  -1.5741592e-01   7.2542643e-02   0.0000000e+00   0.0000000e+00   0.0000000e+00   9.3054880e-04
  -1.7033219e-01   6.6440346e-02   0.0000000e+00   0.0000000e+00   0.0000000e+00   6.5128007e-04
  -6.6146175e-02   2.5160075e-02   0.0000000e+00   0.0000000e+00   0.0000000e+00   2.2959869e-04
  -2.3117737e-02   1.3983140e-02   0.0000000e+00   0.0000000e+00   0.0000000e+00   1.6045611e-04
  -4.4392776e-02  -1.0012097e-02   0.0000000e+00   0.0000000e+00   0.0000000e+00   2.3734517e-05
   5.6331840e-02  -8.5301284e-02   0.0000000e+00   0.0000000e+00   0.0000000e+00  -6.1856283e-04
   1.3111900e-01  -1.5741960e-01   0.0000000e+00   0.0000000e+00   0.0000000e+00  -1.1577787e-03
   7.1920088e-02  -1.2445896e-01   0.0000000e+00   0.0000000e+00   0.0000000e+00  -6.8006060e-04
   5.3026370e-02  -1.1501073e-01   0.0000000e+00   0.0000000e+00   0.0000000e+00  -6.5687500e-04
  -8.9025582e-02  -3.0458171e-02   0.0000000e+00   0.0000000e+00   0.0000000e+00   4.8412810e-07
  -3.9342736e-02  -6.4254523e-02   0.0000000e+00   0.0000000e+00   0.0000000e+00  -3.8425763e-04
  -1.3984511e-01  -2.9980659e-02   0.0000000e+00   0.0000000e+00   0.0000000e+00  -4.1114516e-04
   3.3906194e-02  -9.2244448e-02   0.0000000e+00   0.0000000e+00   0.0000000e+00  -1.2043814e-03
  -3.4106828e-02  -3.9997987e-02   0.0000000e+00   0.0000000e+00   0.0000000e+00  -9.1458124e-04
   6.8751767e-02   3.6850312e-03   0.0000000e+00   0.0000000e+00   0.0000000e+00  -2.8162023e-04
   5.3626044e-03   6.9539106e-03   0.0000000e+00   0.0000000e+00   0.0000000e+00  -5.4154921e-05
   3.1154701e-02   1.1517420e-02   0.0000000e+00   0.0000000e+00   0.0000000e+00   1.6383722e-04
   2.5020631e-01  -1.9678871e-01   0.0000000e+00   0.0000000e+00   0.0000000e+00  -1.5361070e-03
   9.0673369e-02  -1.3143103e-01   0.0000000e+00   0.0000000e+00   0.0000000e+00  -8.3879131e-04
   3.0132120e-01  -2.2689632e-01   0.0000000e+00   0.0000000e+00   0.0000000e+00  -1.8519451e-03
   6.6995846e-02  -1.6762069e-01   0.0000000e+00   0.0000000e+00   0.0000000e+00  -1.3242939e-03
   7.0690746e-02  -1.2699306e-01   0.0000000e+00   0.0000000e+00   0.0000000e+00  -9.0684767e-04
  -7.7304934e-02   3.7699409e-03   0.0000000e+00   0.0000000e+00   0.0000000e+00   2.0879252e-04
  -6.3390429e-02   3.1065336e-02   0.0000000e+00   0.0000000e+00   0.0000000e+00   3.6954432e-04
  -1.1376114e-01   1.2204406e-01   0.0000000e+00   0.0000000e+00   0.0000000e+00   1.1805094e-03
   1.3089588e-03   3.7940859e-02   0.0000000e+00   0.0000000e+00   0.0000000e+00   2.7600275e-04
  -6.6455843e-02   6.1005185e-02   0.0000000e+00   0.0000000e+00   0.0000000e+00   3.8787604e-04
  -7.5078514e-03   4.6755741e-02   0.0000000e+00   0.0000000e+00   0.0000000e+00   6.4214071e-04
  -1.3587371e-01   5.3353281e-02   0.0000000e+00   0.0000000e+00   0.0000000e+00   5.0763456e-04
