   9.6296497e-35   0.0000000e+00   0.0000000e+00   0.0000000e+00   0.0000000e+00   0.0000000e+00
  -3.9750828e-03   6.5798858e-03   0.0000000e+00   0.0000000e+00   0.0000000e+00  -4.3012795e-05
  -5.2727644e-02   9.6425575e-03   0.0000000e+00   0.0000000e+00   0.0000000e+00  -1.3821379e-04
   1.4167255e-02   5.8567450e-03   0.0000000e+00   0.0000000e+00   0.0000000e+00  -3.0628345e-04
  -6.3762366e-02   8.2150143e-02   0.0000000e+00   0.0000000e+00   0.0000000e+00   2.3945757e-04
  -3.4544815e-02   8.8697690e-02   0.0000000e+00   0.0000000e+00   0.0000000e+00   2.9816867e-04
   2.7900520e-02   2.9864135e-02   0.0000000e+00   0.0000000e+00   0.0000000e+00  -1.3406366e-05
  -4.7334780e-02   1.2386654e-01   0.0000000e+00   0.0000000e+00   0.0000000e+00   6.3100662e-04
   1.0594275e-01  -5.6894508e-02   0.0000000e+00   0.0000000e+00   0.0000000e+00  -6.6002713e-04
  -7.7649847e-02   1.0800335e-01   0.0000000e+00   0.0000000e+00   0.0000000e+00   8.1684623e-04
  -1.3695426e-01   1.5211636e-01   0.0000000e+00   0.0000000e+00   0.0000000e+00   1.1781051e-03
  -1.2081166e-01   1.0863087e-01   0.0000000e+00   0.0000000e+00   0.0000000e+00   9.9524208e-04
  -1.6916640e-01   1.5316284e-01   0.0000000e+00   0.0000000e+00   0.0000000e+00   1.2567535e-03
  -8.8837855e-02   1.3231250e-01   0.0000000e+00   0.0000000e+00   0.0000000e+00   1.0161277e-03
  -9.5425779e-02   1.0262427e-01   0.0000000e+00   0.0000000e+00   0.0000000e+00   7.3124798e-04
  -8.7074612e-02   1.3427307e-01   0.0000000e+00   0.0000000e+00   0.0000000e+00   1.0232289e-03
  -8.4908877e-02   9.9762754e-02   0.0000000e+00   0.0000000e+00   0.0000000e+00   8.1493781e-04
  -5.7793556e-02   2.5138267e-02   0.0000000e+00   0.0000000e+00   0.0000000e+00   3.9383040e-04
  -6.6089074e-02   4.3576032e-02   0.0000000e+00   0.0000000e+00   0.0000000e+00   6.3477717e-04
  -1.5335976e-01   3.7455765e-02   0.0000000e+00   0.0000000e+00   0.0000000e+00   9.6151895e-04
  -2.3836047e-01   1.0822658e-01   0.0000000e+00   0.0000000e+00   0.0000000e+00   1.4768951e-03
  -1.8193471e-01   9.2052411e-02   0.0000000e+00   0.0000000e+00   0.0000000e+00   1.1714135e-03
  -1.9035222e-01   8.0797323e-02   0.0000000e+00   0.0000000e+00   0.0000000e+00   8.2594888e-04
  -8.0637539e-02   3.6860583e-02   0.0000000e+00   0.0000000e+00   0.0000000e+00   3.7186988e-04
  -3.3393033e-02   2.3322584e-02   0.0000000e+00   0.0000000e+00   0.0000000e+00   2.7230371e-04
  -5.9106462e-02  -8.6877753e-04   0.0000000e+00   0.0000000e+00   0.0000000e+00   1.4133533e-04
   4.8257549e-02  -8.5871739e-02   0.0000000e+00   0.0000000e+00   0.0000000e+00  -6.0001933e-04
   1.1550528e-01  -1.5487149e-01   0.0000000e+00   0.0000000e+00   0.0000000e+00  -1.0911881e-03
   6.2429903e-02  -1.2323946e-01   0.0000000e+00   0.0000000e+00   0.0000000e+00  -6.4356867e-04
   4.0805539e-02  -1.0801433e-01   0.0000000e+00   0.0000000e+00   0.0000000e+00  -5.5076452e-04
  -1.0442838e-01  -2.2954281e-02   0.0000000e+00   0.0000000e+00   0.0000000e+00   1.1879353e-04
  -5.4258099e-02  -5.4587878e-02   0.0000000e+00   0.0000000e+00   0.0000000e+00  -2.5901775e-04
  -1.4901479e-01  -2.8510233e-02   0.0000000e+00   0.0000000e+00   0.0000000e+00  -3.9843220e-04
   3.4747865e-02  -9.6402712e-02   0.0000000e+00   0.0000000e+00   0.0000000e+00  -1.2628940e-03
  -2.6390705e-02  -5.1755353e-02   0.0000000e+00   0.0000000e+00   0.0000000e+00  -1.0686449e-03
   8.1038801e-02  -3.3005496e-03   0.0000000e+00   0.0000000e+00   0.0000000e+00  -3.6956779e-04
   4.2136272e-03   7.4138733e-03   0.0000000e+00   0.0000000e+00   0.0000000e+00  -4.4367864e-05
   2.7261061e-02   1.6554690e-02   0.0000000e+00   0.0000000e+00   0.0000000e+00   2.1924030e-04
   2.6396310e-01  -2.0541240e-01   0.0000000e+00   0.0000000e+00   0.0000000e+00  -1.6213122e-03
   8.7811496e-02  -1.2844941e-01   0.0000000e+00   0.0000000e+00   0.0000000e+00  -7.8359837e-04
   3.0871016e-01  -2.2820740e-01   0.0000000e+00   0.0000000e+00   0.0000000e+00  -1.8643686e-03
   6.9416679e-02  -1.7535629e-01   0.0000000e+00   0.0000000e+00   0.0000000e+00  -1.3968241e-03
   7.1761807e-02  -1.3018275e-01   0.0000000e+00   0.0000000e+00   0.0000000e+00  -9.2164575e-04
  -8.0667412e-02   5.3320486e-03   0.0000000e+00   0.0000000e+00   0.0000000e+00   2.4765462e-04
  -6.6073205e-02   3.3871012e-02   0.0000000e+00   0.0000000e+00   0.0000000e+00   4.1441054e-04
  -1.1579732e-01   1.2683729e-01   0.0000000e+00   0.0000000e+00   0.0000000e+00   1.2339421e-03
   3.9312405e-03   4.0665256e-02   0.0000000e+00   0.0000000e+00   0.0000000e+00   2.9964952e-04
  -7.4360650e-02   6.4767315e-02   0.0000000e+00   0.0000000e+00   0.0000000e+00   4.4897168e-04
  -1.6187636e-02   5.6597801e-02   0.0000000e+00   0.0000000e+00   0.0000000e+00   7.7907099e-04
  -1.4073232e-01   5.5790371e-02   0.0000000e+00   0.0000000e+00   0.0000000e+00   5.4327265e-04
