   0.0000000e+00   0.0000000e+00   0.0000000e+00   0.0000000e+00   0.0000000e+00   0.0000000e+00
  -3.2498870e-03   5.7262699e-03   0.0000000e+00   0.0000000e+00   0.0000000e+00  -5.0696218e-05
  -5.2603581e-02   9.1111246e-03   0.0000000e+00   0.0000000e+00   0.0000000e+00  -1.4448519e-04
   1.5663956e-02   4.5549850e-03   0.0000000e+00   0.0000000e+00   0.0000000e+00  -3.2376427e-04
  -6.3746272e-02   8.2132283e-02   0.0000000e+00   0.0000000e+00   0.0000000e+00   2.3463314e-04
  -3.4581918e-02   8.8123762e-02   0.0000000e+00   0.0000000e+00   0.0000000e+00   2.8560861e-04
   2.8336445e-02   2.9238414e-02   0.0000000e+00   0.0000000e+00   0.0000000e+00  -2.5731706e-05
  -4.8790616e-02   1.2461221e-01   0.0000000e+00   0.0000000e+00   0.0000000e+00   6.3322207e-04
   1.0569327e-01  -5.7408757e-02   0.0000000e+00   0.0000000e+00   0.0000000e+00  -6.6854420e-04
  -7.8653316e-02   1.0810206e-01   0.0000000e+00   0.0000000e+00   0.0000000e+00   8.1747166e-04
  -1.3719907e-01   1.5211145e-01   0.0000000e+00   0.0000000e+00   0.0000000e+00   1.1748391e-03
  -1.2075558e-01   1.0860824e-01   0.0000000e+00   0.0000000e+00   0.0000000e+00   9.9564234e-04
  -1.6912693e-01   1.5266124e-01   0.0000000e+00   0.0000000e+00   0.0000000e+00   1.2496258e-03
  -8.8979882e-02   1.3218094e-01   0.0000000e+00   0.0000000e+00   0.0000000e+00   1.0128418e-03
  -9.4753628e-02   1.0198915e-01   0.0000000e+00   0.0000000e+00   0.0000000e+00   7.1971288e-04
  -8.5941556e-02   1.3370119e-01   0.0000000e+00   0.0000000e+00   0.0000000e+00   1.0097503e-03
  -8.4368233e-02   9.8900054e-02   0.0000000e+00   0.0000000e+00   0.0000000e+00   8.0255256e-04
  -5.6886533e-02   2.3570059e-02   0.0000000e+00   0.0000000e+00   0.0000000e+00   3.7761091e-04
  -6.6175825e-02   4.2600503e-02   0.0000000e+00   0.0000000e+00   0.0000000e+00   6.2762801e-04
  -1.5606555e-01   3.8153864e-02   0.0000000e+00   0.0000000e+00   0.0000000e+00   9.7520520e-04
  -2.4142166e-01   1.0898735e-01   0.0000000e+00   0.0000000e+00   0.0000000e+00   1.4924464e-03
  -1.8357277e-01   9.2222990e-02   0.0000000e+00   0.0000000e+00   0.0000000e+00   1.1792328e-03
  -1.9236896e-01   8.1110988e-02   0.0000000e+00   0.0000000e+00   0.0000000e+00   8.3343841e-04
  -8.1647971e-02   3.6710797e-02   0.0000000e+00   0.0000000e+00   0.0000000e+00   3.7319868e-04
  -3.4032575e-02   2.2616398e-02   0.0000000e+00   0.0000000e+00   0.0000000e+00   2.6727852e-04
  -6.0814085e-02  -1.1574691e-03   0.0000000e+00   0.0000000e+00   0.0000000e+00   1.4134417e-04
   4.7469758e-02  -8.6726208e-02   0.0000000e+00   0.0000000e+00   0.0000000e+00  -6.0708029e-04
   1.1324145e-01  -1.5545512e-01   0.0000000e+00   0.0000000e+00   0.0000000e+00  -1.0899587e-03
   6.1142436e-02  -1.2404715e-01   0.0000000e+00   0.0000000e+00   0.0000000e+00  -6.4426107e-04
   3.9331997e-02  -1.0880217e-01   0.0000000e+00   0.0000000e+00   0.0000000e+00  -5.4773363e-04
  -1.0460710e-01  -2.4696137e-02   0.0000000e+00   0.0000000e+00   0.0000000e+00   1.0752757e-04
  -5.5151832e-02  -5.5107627e-02   0.0000000e+00   0.0000000e+00   0.0000000e+00  -2.5656224e-04
  -1.5013988e-01  -2.9048007e-02   0.0000000e+00   0.0000000e+00   0.0000000e+00  -3.9991218e-04
   3.5135419e-02  -9.7947879e-02   0.0000000e+00   0.0000000e+00   0.0000000e+00  -1.2793663e-03
  -2.6332829e-02  -5.3521071e-02   0.0000000e+00   0.0000000e+00   0.0000000e+00  -1.0890544e-03
   8.2716911e-02  -5.4812344e-03   0.0000000e+00   0.0000000e+00   0.0000000e+00  -3.9367408e-04
   3.6695136e-03   7.0958459e-03   0.0000000e+00   0.0000000e+00   0.0000000e+00  -4.7070232e-05
   2.7929346e-02   1.6093597e-02   0.0000000e+00   0.0000000e+00   0.0000000e+00   2.1364340e-04
   2.6664654e-01  -2.0777483e-01   0.0000000e+00   0.0000000e+00   0.0000000e+00  -1.6396724e-03
   8.9845811e-02  -1.3099633e-01   0.0000000e+00   0.0000000e+00   0.0000000e+00  -8.0430882e-04
   3.1064336e-01  -2.2927444e-01   0.0000000e+00   0.0000000e+00   0.0000000e+00  -1.8718010e-03
   7.1432062e-02  -1.7850391e-01   0.0000000e+00   0.0000000e+00   0.0000000e+00  -1.4258433e-03
   7.3706310e-02  -1.3273068e-01   0.0000000e+00   0.0000000e+00   0.0000000e+00  -9.4403860e-04
  -7.8517014e-02   3.0410339e-03   0.0000000e+00   0.0000000e+00   0.0000000e+00   2.2440682e-04
  -6.4848503e-02   3.2330799e-02   0.0000000e+00   0.0000000e+00   0.0000000e+00   4.0053498e-04
  -1.1344514e-01   1.2521247e-01   0.0000000e+00   0.0000000e+00   0.0000000e+00   1.2143285e-03
   6.1242135e-03   3.8902219e-02   0.0000000e+00   0.0000000e+00   0.0000000e+00   2.8068449e-04
  -7.3772851e-02   6.3296915e-02   0.0000000e+00   0.0000000e+00   0.0000000e+00   4.3610488e-04
  -1.5150286e-02   5.5363265e-02   0.0000000e+00   0.0000000e+00   0.0000000e+00   7.6991516e-04
  -1.3927306e-01   5.3819285e-02   0.0000000e+00   0.0000000e+00   0.0000000e+00   5.2264751e-04
