   0.0000000e+00   0.0000000e+00   0.0000000e+00   0.0000000e+00   0.0000000e+00   0.0000000e+00
   1.8629666e-03   3.1391543e-03   0.0000000e+00   0.0000000e+00   0.0000000e+00  -9.9845396e-05
  -5.1174233e-02   9.5734069e-03   0.0000000e+00   0.0000000e+00   0.0000000e+00  -1.6494247e-04
   1.7929284e-02   5.9352048e-03   0.0000000e+00   0.0000000e+00   0.0000000e+00  -3.4287726e-04
  -6.1101062e-02   8.3958252e-02   0.0000000e+00   0.0000000e+00   0.0000000e+00   2.1871007e-04
  -2.7137230e-02   8.6182100e-02   0.0000000e+00   0.0000000e+00   0.0000000e+00   2.2777769e-04
   3.9830624e-02   2.1826313e-02   0.0000000e+00   0.0000000e+00   0.0000000e+00  -1.2491723e-04
  -4.6809929e-02   1.2603087e-01   0.0000000e+00   0.0000000e+00   0.0000000e+00   6.1630221e-04
   1.1660822e-01  -6.4873753e-02   0.0000000e+00   0.0000000e+00   0.0000000e+00  -7.7627402e-04
  -7.0751979e-02   1.0371569e-01   0.0000000e+00   0.0000000e+00   0.0000000e+00   7.3808694e-04
  -1.3438192e-01   1.5207001e-01   0.0000000e+00   0.0000000e+00   0.0000000e+00   1.1432498e-03
  -1.1902615e-01   1.0762810e-01   0.0000000e+00   0.0000000e+00   0.0000000e+00   9.7295105e-04
  -1.6577169e-01   1.5195484e-01   0.0000000e+00   0.0000000e+00   0.0000000e+00   1.2079961e-03
  -8.7628009e-02   1.3603282e-01   0.0000000e+00   0.0000000e+00   0.0000000e+00   1.0171893e-03
  -9.2458943e-02   1.0155799e-01   0.0000000e+00   0.0000000e+00   0.0000000e+00   6.9100808e-04
  -8.2015190e-02   1.3266801e-01   0.0000000e+00   0.0000000e+00   0.0000000e+00   9.6824531e-04
  -8.0422554e-02   9.7770718e-02   0.0000000e+00   0.0000000e+00   0.0000000e+00   7.5529338e-04
  -5.2652950e-02   2.0684961e-02   0.0000000e+00   0.0000000e+00   0.0000000e+00   3.2797377e-04
  -7.1385328e-02   4.6891345e-02   0.0000000e+00   0.0000000e+00   0.0000000e+00   6.5820677e-04
  -1.5173438e-01   3.0999839e-02   0.0000000e+00   0.0000000e+00   0.0000000e+00   8.9697523e-04
  -2.3570998e-01   1.0015348e-01   0.0000000e+00   0.0000000e+00   0.0000000e+00   1.3962642e-03
  -1.8046308e-01   8.6729367e-02   0.0000000e+00   0.0000000e+00   0.0000000e+00   1.1160150e-03
  -1.9159161e-01   7.8255014e-02   0.0000000e+00   0.0000000e+00   0.0000000e+00   7.8600251e-04
  -7.5228078e-02   2.9400716e-02   0.0000000e+00   0.0000000e+00   0.0000000e+00   2.7886001e-04
  -2.7108769e-02   1.6644622e-02   0.0000000e+00   0.0000000e+00   0.0000000e+00   1.8672683e-04
  -5.7563472e-02  -5.2556216e-03   0.0000000e+00   0.0000000e+00   0.0000000e+00   8.4178215e-05
   4.6067602e-02  -8.8273390e-02   0.0000000e+00   0.0000000e+00   0.0000000e+00  -6.2696587e-04
   1.1548770e-01  -1.6065447e-01   0.0000000e+00   0.0000000e+00   0.0000000e+00  -1.1410445e-03
   6.4749007e-02  -1.3193286e-01   0.0000000e+00   0.0000000e+00   0.0000000e+00  -7.1868894e-04
   4.3279110e-02  -1.1595208e-01   0.0000000e+00   0.0000000e+00   0.0000000e+00  -6.1572574e-04
  -9.6120627e-02  -3.7032812e-02   0.0000000e+00   0.0000000e+00   0.0000000e+00  -2.3462495e-05
  -4.6620272e-02  -6.4183286e-02   0.0000000e+00   0.0000000e+00   0.0000000e+00  -3.7151009e-04
  -1.4499354e-01  -3.8147596e-02   0.0000000e+00   0.0000000e+00   0.0000000e+00  -5.1554087e-04
   4.2761794e-02  -1.0554887e-01   0.0000000e+00   0.0000000e+00   0.0000000e+00  -1.3964492e-03
  -2.2421863e-02  -5.6905485e-02   0.0000000e+00   0.0000000e+00   0.0000000e+00  -1.1568364e-03
   8.9239560e-02  -8.8603542e-03   0.0000000e+00   0.0000000e+00   0.0000000e+00  -4.5887590e-04
   6.8503809e-03   6.3863569e-03   0.0000000e+00   0.0000000e+00   0.0000000e+00  -8.0509899e-05
   2.8444947e-02   1.8192183e-02   0.0000000e+00   0.0000000e+00   0.0000000e+00   1.9983323e-04
   2.7891133e-01  -2.1525528e-01   0.0000000e+00   0.0000000e+00   0.0000000e+00  -1.7428426e-03
   1.0426415e-01  -1.4388391e-01   0.0000000e+00   0.0000000e+00   0.0000000e+00  -9.4479237e-04
   3.2861522e-01  -2.4232497e-01   0.0000000e+00   0.0000000e+00   0.0000000e+00  -2.0214019e-03
   8.1636078e-02  -1.9003705e-01   0.0000000e+00   0.0000000e+00   0.0000000e+00  -1.5444285e-03
   8.3181495e-02  -1.4300245e-01   0.0000000e+00   0.0000000e+00   0.0000000e+00  -1.0526540e-03
  -6.9421594e-02  -6.6379524e-03   0.0000000e+00   0.0000000e+00   0.0000000e+00   1.0980282e-04
  -6.0948271e-02   2.9924602e-02   0.0000000e+00   0.0000000e+00   0.0000000e+00   3.4626404e-04
  -1.0953025e-01   1.2395680e-01   0.0000000e+00   0.0000000e+00   0.0000000e+00   1.1645322e-03
   1.3593110e-02   3.7014264e-02   0.0000000e+00   0.0000000e+00   0.0000000e+00   2.0871705e-04
  -6.4083364e-02   5.6323325e-02   0.0000000e+00   0.0000000e+00   0.0000000e+00   3.2356331e-04
  -5.3756090e-03   5.0844443e-02   0.0000000e+00   0.0000000e+00   0.0000000e+00   6.9123113e-04
  -1.3205541e-01   4.7626686e-02   0.0000000e+00   0.0000000e+00   0.0000000e+00   4.2879568e-04
