   0.0000000e+00   0.0000000e+00   0.0000000e+00   0.0000000e+00   0.0000000e+00   0.0000000e+00
  -8.4902498e-04   4.8315084e-03   0.0000000e+00   0.0000000e+00   0.0000000e+00  -7.7242745e-05
  -5.2910867e-02   1.1147560e-02   0.0000000e+00   0.0000000e+00   0.0000000e+00  -1.4391979e-04
   1.5544540e-02   7.7866111e-03   0.0000000e+00   0.0000000e+00   0.0000000e+00  -3.1807256e-04
  -6.0616366e-02   8.3718801e-02   0.0000000e+00   0.0000000e+00   0.0000000e+00   2.2072490e-04
  -2.6799688e-02   8.5949981e-02   0.0000000e+00   0.0000000e+00   0.0000000e+00   2.3074884e-04
   4.0770660e-02   2.1704988e-02   0.0000000e+00   0.0000000e+00   0.0000000e+00  -1.2469785e-04
  -4.3902325e-02   1.2409513e-01   0.0000000e+00   0.0000000e+00   0.0000000e+00   5.9856306e-04
   1.1704643e-01  -6.4642528e-02   0.0000000e+00   0.0000000e+00   0.0000000e+00  -7.7081428e-04
  -6.8439446e-02   1.0219255e-01   0.0000000e+00   0.0000000e+00   0.0000000e+00   7.2498674e-04
  -1.3290793e-01   1.5019242e-01   0.0000000e+00   0.0000000e+00   0.0000000e+00   1.1283503e-03
  -1.1843995e-01   1.0656461e-01   0.0000000e+00   0.0000000e+00   0.0000000e+00   9.6267213e-04
  -1.6360373e-01   1.5008145e-01   0.0000000e+00   0.0000000e+00   0.0000000e+00   1.1893987e-03
  -8.5778465e-02   1.3399246e-01   0.0000000e+00   0.0000000e+00   0.0000000e+00   9.9692954e-04
  -9.1791874e-02   1.0044441e-01   0.0000000e+00   0.0000000e+00   0.0000000e+00   6.8030498e-04
  -8.0229756e-02   1.3045264e-01   0.0000000e+00   0.0000000e+00   0.0000000e+00   9.4715012e-04
  -7.9594203e-02   9.7184883e-02   0.0000000e+00   0.0000000e+00   0.0000000e+00   7.4925897e-04
  -5.0937700e-02   1.9912817e-02   0.0000000e+00   0.0000000e+00   0.0000000e+00   3.1868311e-04
  -6.8482262e-02   4.5264996e-02   0.0000000e+00   0.0000000e+00   0.0000000e+00   6.3426023e-04
  -1.4550447e-01   2.7059228e-02   0.0000000e+00   0.0000000e+00   0.0000000e+00   8.4900117e-04
  -2.2716040e-01   9.5580029e-02   0.0000000e+00   0.0000000e+00   0.0000000e+00   1.3368043e-03
  -1.7292027e-01   8.2474503e-02   0.0000000e+00   0.0000000e+00   0.0000000e+00   1.0591138e-03
  -1.8551372e-01   7.4944474e-02   0.0000000e+00   0.0000000e+00   0.0000000e+00   7.4165117e-04
  -7.1877352e-02   2.8165770e-02   0.0000000e+00   0.0000000e+00   0.0000000e+00   2.5957542e-04
  -2.4686924e-02   1.5768088e-02   0.0000000e+00   0.0000000e+00   0.0000000e+00   1.7203994e-04
  -5.4294173e-02  -6.0619198e-03   0.0000000e+00   0.0000000e+00   0.0000000e+00   6.8436405e-05
   4.7661659e-02  -8.6713880e-02   0.0000000e+00   0.0000000e+00   0.0000000e+00  -6.1765633e-04
   1.1796608e-01  -1.5913227e-01   0.0000000e+00   0.0000000e+00   0.0000000e+00  -1.1345392e-03
   6.6415584e-02  -1.3090878e-01   0.0000000e+00   0.0000000e+00   0.0000000e+00  -7.1439757e-04
   4.6909786e-02  -1.1706136e-01   0.0000000e+00   0.0000000e+00   0.0000000e+00  -6.3749487e-04
  -8.9094733e-02  -4.0725607e-02   0.0000000e+00   0.0000000e+00   0.0000000e+00  -7.2051334e-05
  -4.1719930e-02  -6.6576967e-02   0.0000000e+00   0.0000000e+00   0.0000000e+00  -4.0401629e-04
  -1.4149137e-01  -3.8351744e-02   0.0000000e+00   0.0000000e+00   0.0000000e+00  -5.2172450e-04
   4.1569427e-02  -1.0267507e-01   0.0000000e+00   0.0000000e+00   0.0000000e+00  -1.3629357e-03
  -2.4376871e-02  -5.3440791e-02   0.0000000e+00   0.0000000e+00   0.0000000e+00  -1.1135361e-03
   8.7048056e-02  -6.1101564e-03   0.0000000e+00   0.0000000e+00   0.0000000e+00  -4.2980441e-04
   7.3900194e-03   7.0568687e-03   0.0000000e+00   0.0000000e+00   0.0000000e+00  -7.5961676e-05
   2.8974399e-02   1.7742104e-02   0.0000000e+00   0.0000000e+00   0.0000000e+00   1.9358009e-04
   2.7429992e-01  -2.1176703e-01   0.0000000e+00   0.0000000e+00   0.0000000e+00  -1.7051639e-03
   1.0525253e-01  -1.4436019e-01   0.0000000e+00   0.0000000e+00   0.0000000e+00  -9.5658353e-04
   3.2604233e-01  -2.4068733e-01   0.0000000e+00   0.0000000e+00   0.0000000e+00  -2.0048662e-03
   8.1629268e-02  -1.8807998e-01   0.0000000e+00   0.0000000e+00   0.0000000e+00  -1.5308072e-03
   8.3044447e-02  -1.4182154e-01   0.0000000e+00   0.0000000e+00   0.0000000e+00  -1.0479192e-03
  -6.9324582e-02  -5.7710112e-03   0.0000000e+00   0.0000000e+00   0.0000000e+00   1.1217157e-04
  -6.0836198e-02   3.0180570e-02   0.0000000e+00   0.0000000e+00   0.0000000e+00   3.4320968e-04
  -1.0962554e-01   1.2394191e-01   0.0000000e+00   0.0000000e+00   0.0000000e+00   1.1622591e-03
   1.2251253e-02   3.7569313e-02   0.0000000e+00   0.0000000e+00   0.0000000e+00   2.1697050e-04
  -6.2506873e-02   5.5900467e-02   0.0000000e+00   0.0000000e+00   0.0000000e+00   3.1651325e-04
  -4.1319445e-03   4.9496323e-02   0.0000000e+00   0.0000000e+00   0.0000000e+00   6.7149253e-04
  -1.3171596e-01   4.7882790e-02   0.0000000e+00   0.0000000e+00   0.0000000e+00   4.2903079e-04
