   0.0000000e+00   0.0000000e+00   0.0000000e+00   0.0000000e+00   0.0000000e+00   0.0000000e+00
  -5.0135772e-03   7.2852800e-03   0.0000000e+00   0.0000000e+00   0.0000000e+00  -3.4525368e-05
  -5.2994340e-02   1.0453387e-02   0.0000000e+00   0.0000000e+00   0.0000000e+00  -1.2716494e-04
   1.3142371e-02   6.9794290e-03   0.0000000e+00   0.0000000e+00   0.0000000e+00  -2.9196520e-04
  -6.2187829e-02   8.1145854e-02   0.0000000e+00   0.0000000e+00   0.0000000e+00   2.3250437e-04
  -3.2841919e-02   8.7586196e-02   0.0000000e+00   0.0000000e+00   0.0000000e+00   2.9226840e-04
   2.9327684e-02   2.8757951e-02   0.0000000e+00   0.0000000e+00   0.0000000e+00  -2.2124458e-05
  -4.3728496e-02   1.2143358e-01   0.0000000e+00   0.0000000e+00   0.0000000e+00   6.1017405e-04
   1.0657104e-01  -5.6502114e-02   0.0000000e+00   0.0000000e+00   0.0000000e+00  -6.5188674e-04
  -7.6193632e-02   1.0741700e-01   0.0000000e+00   0.0000000e+00   0.0000000e+00   8.1081493e-04
  -1.3613655e-01   1.5073018e-01   0.0000000e+00   0.0000000e+00   0.0000000e+00   1.1669740e-03
  -1.1964694e-01   1.0725316e-01   0.0000000e+00   0.0000000e+00   0.0000000e+00   9.7716238e-04
  -1.6711382e-01   1.5112366e-01   0.0000000e+00   0.0000000e+00   0.0000000e+00   1.2350658e-03
  -8.6685943e-02   1.2997868e-01   0.0000000e+00   0.0000000e+00   0.0000000e+00   9.9124965e-04
  -9.4570723e-02   1.0174692e-01   0.0000000e+00   0.0000000e+00   0.0000000e+00   7.2411149e-04
  -8.6504551e-02   1.3304522e-01   0.0000000e+00   0.0000000e+00   0.0000000e+00   1.0165058e-03
  -8.4934500e-02   1.0000802e-01   0.0000000e+00   0.0000000e+00   0.0000000e+00   8.2134835e-04
  -5.6995070e-02   2.5165280e-02   0.0000000e+00   0.0000000e+00   0.0000000e+00   3.9386562e-04
  -6.3335858e-02   4.2169596e-02   0.0000000e+00   0.0000000e+00   0.0000000e+00   6.1369625e-04
  -1.4829271e-01   3.4513537e-02   0.0000000e+00   0.0000000e+00   0.0000000e+00   9.2136424e-04
  -2.3128930e-01   1.0329903e-01   0.0000000e+00   0.0000000e+00   0.0000000e+00   1.4161067e-03
  -1.7659189e-01   8.7568352e-02   0.0000000e+00   0.0000000e+00   0.0000000e+00   1.1168797e-03
  -1.8400905e-01   7.6261468e-02   0.0000000e+00   0.0000000e+00   0.0000000e+00   7.7029543e-04
  -7.7319307e-02   3.4109359e-02   0.0000000e+00   0.0000000e+00   0.0000000e+00   3.3919691e-04
  -3.0773230e-02   2.1222829e-02   0.0000000e+00   0.0000000e+00   0.0000000e+00   2.4545123e-04
  -5.5692961e-02  -2.8308391e-03   0.0000000e+00   0.0000000e+00   0.0000000e+00   1.1745143e-04
   5.0249126e-02  -8.6014925e-02   0.0000000e+00   0.0000000e+00   0.0000000e+00  -6.0588679e-04
   1.2026421e-01  -1.5618952e-01   0.0000000e+00   0.0000000e+00   0.0000000e+00  -1.1150812e-03
   6.4612851e-02  -1.2302510e-01   0.0000000e+00   0.0000000e+00   0.0000000e+00  -6.4665498e-04
   4.5312563e-02  -1.1030696e-01   0.0000000e+00   0.0000000e+00   0.0000000e+00  -5.8604264e-04
  -1.0088007e-01  -2.4481550e-02   0.0000000e+00   0.0000000e+00   0.0000000e+00   9.1009065e-05
  -4.9841500e-02  -5.7614547e-02   0.0000000e+00   0.0000000e+00   0.0000000e+00  -3.0099828e-04
  -1.4597153e-01  -2.8889592e-02   0.0000000e+00   0.0000000e+00   0.0000000e+00  -4.0313957e-04
   3.6634379e-02  -9.6876744e-02   0.0000000e+00   0.0000000e+00   0.0000000e+00  -1.2684894e-03
  -2.5872944e-02  -5.0892064e-02   0.0000000e+00   0.0000000e+00   0.0000000e+00  -1.0564459e-03
   7.9688974e-02  -3.3718811e-03   0.0000000e+00   0.0000000e+00   0.0000000e+00  -3.7081708e-04
   5.2395587e-03   6.5816666e-03   0.0000000e+00   0.0000000e+00   0.0000000e+00  -5.5776655e-05
   2.8394073e-02   1.4989625e-02   0.0000000e+00   0.0000000e+00   0.0000000e+00   2.0238929e-04
   2.6198285e-01  -2.0445277e-01   0.0000000e+00   0.0000000e+00   0.0000000e+00  -1.6147892e-03
   8.8172957e-02  -1.2889618e-01   0.0000000e+00   0.0000000e+00   0.0000000e+00  -7.9481473e-04
   3.0697802e-01  -2.2836173e-01   0.0000000e+00   0.0000000e+00   0.0000000e+00  -1.8699007e-03
   6.9555358e-02  -1.7405699e-01   0.0000000e+00   0.0000000e+00   0.0000000e+00  -1.3869030e-03
   7.2577302e-02  -1.3043133e-01   0.0000000e+00   0.0000000e+00   0.0000000e+00  -9.3088419e-04
  -8.0422862e-02   5.4186092e-03   0.0000000e+00   0.0000000e+00   0.0000000e+00   2.4455408e-04
  -6.5785259e-02   3.3674228e-02   0.0000000e+00   0.0000000e+00   0.0000000e+00   4.0911010e-04
  -1.1636569e-01   1.2666004e-01   0.0000000e+00   0.0000000e+00   0.0000000e+00   1.2320245e-03
   3.7111517e-03   3.9944813e-02   0.0000000e+00   0.0000000e+00   0.0000000e+00   2.9230899e-04
  -7.2771305e-02   6.4529786e-02   0.0000000e+00   0.0000000e+00   0.0000000e+00   4.4187123e-04
  -1.4663329e-02   5.4687037e-02   0.0000000e+00   0.0000000e+00   0.0000000e+00   7.5000904e-04
  -1.3939491e-01   5.5073184e-02   0.0000000e+00   0.0000000e+00   0.0000000e+00   5.3096508e-04
