   0.0000000e+00   0.0000000e+00   0.0000000e+00   0.0000000e+00   0.0000000e+00   0.0000000e+00
  -1.1514992e-02   1.2379106e-02   0.0000000e+00   0.0000000e+00   0.0000000e+00   2.7862078e-05
  -5.0347087e-02   1.1519408e-02   0.0000000e+00   0.0000000e+00   0.0000000e+00  -9.4558130e-05
   4.9625759e-03   1.2963603e-02   0.0000000e+00   0.0000000e+00   0.0000000e+00  -1.9376215e-04
  -5.5034631e-02   7.7832261e-02   0.0000000e+00   0.0000000e+00   0.0000000e+00   2.2595253e-04
  -2.6878315e-02   7.8200824e-02   0.0000000e+00   0.0000000e+00   0.0000000e+00   2.4668721e-04
   3.0883506e-02   2.6904312e-02   0.0000000e+00   0.0000000e+00   0.0000000e+00  -1.9437525e-05
  -2.6095751e-02   1.0099450e-01   0.0000000e+00   0.0000000e+00   0.0000000e+00   4.4883867e-04
   1.0321092e-01  -5.4862355e-02   0.0000000e+00   0.0000000e+00   0.0000000e+00  -6.1047877e-04
  -7.3892818e-02   1.0077819e-01   0.0000000e+00   0.0000000e+00   0.0000000e+00   7.6518749e-04
  -1.2789917e-01   1.3620003e-01   0.0000000e+00   0.0000000e+00   0.0000000e+00   1.0504345e-03
  -1.1075555e-01   9.4188569e-02   0.0000000e+00   0.0000000e+00   0.0000000e+00   8.4924040e-04
  -1.5231351e-01   1.3374057e-01   0.0000000e+00   0.0000000e+00   0.0000000e+00   1.0870352e-03
  -8.4706889e-02   1.1880211e-01   0.0000000e+00   0.0000000e+00   0.0000000e+00   9.1110199e-04
  -8.9539479e-02   9.1847126e-02   0.0000000e+00   0.0000000e+00   0.0000000e+00   6.4969632e-04
  -7.3068807e-02   1.1224087e-01   0.0000000e+00   0.0000000e+00   0.0000000e+00   8.3223656e-04
  -7.2013999e-02   8.3992705e-02   0.0000000e+00   0.0000000e+00   0.0000000e+00   6.5703407e-04
  -4.9981847e-02   1.8393307e-02   0.0000000e+00   0.0000000e+00   0.0000000e+00   3.1197640e-04
  -5.0622876e-02   2.8684383e-02   0.0000000e+00   0.0000000e+00   0.0000000e+00   4.4757852e-04
  -1.0924348e-01   1.0406041e-02   0.0000000e+00   0.0000000e+00   0.0000000e+00   5.9466213e-04
  -1.9008803e-01   7.6275525e-02   0.0000000e+00   0.0000000e+00   0.0000000e+00   1.0638485e-03
  -1.5036172e-01   6.8132944e-02   0.0000000e+00   0.0000000e+00   0.0000000e+00   8.6694280e-04
  -1.6418526e-01   6.4860960e-02   0.0000000e+00   0.0000000e+00   0.0000000e+00   6.3185583e-04
  -6.2267973e-02   2.0839727e-02   0.0000000e+00   0.0000000e+00   0.0000000e+00   1.8453498e-04
  -2.4770231e-02   1.1994354e-02   0.0000000e+00   0.0000000e+00   0.0000000e+00   1.3977943e-04
  -3.9129791e-02  -1.2751777e-02   0.0000000e+00   0.0000000e+00   0.0000000e+00  -1.7575184e-05
   5.5661266e-02  -8.2547010e-02   0.0000000e+00   0.0000000e+00   0.0000000e+00  -6.0128329e-04
   1.3184504e-01  -1.5460429e-01   0.0000000e+00   0.0000000e+00   0.0000000e+00  -1.1646295e-03
   7.0185478e-02  -1.2205097e-01   0.0000000e+00   0.0000000e+00   0.0000000e+00  -6.8892122e-04
   5.5566399e-02  -1.1672598e-01   0.0000000e+00   0.0000000e+00   0.0000000e+00  -7.1143497e-04
  -8.7587293e-02  -2.7601207e-02   0.0000000e+00   0.0000000e+00   0.0000000e+00   6.5236114e-06
  -3.7811119e-02  -6.3518454e-02   0.0000000e+00   0.0000000e+00   0.0000000e+00  -3.9234514e-04
  -1.3973154e-01  -2.6218100e-02   0.0000000e+00   0.0000000e+00   0.0000000e+00  -3.6037683e-04
   2.3529041e-02  -8.1539826e-02   0.0000000e+00   0.0000000e+00   0.0000000e+00  -1.0687638e-03
  -3.9060982e-02  -3.0837991e-02   0.0000000e+00   0.0000000e+00   0.0000000e+00  -7.9943165e-04
   5.8856564e-02   8.4128740e-03   0.0000000e+00   0.0000000e+00   0.0000000e+00  -2.1976686e-04
   1.9940315e-03   9.7959853e-03   0.0000000e+00   0.0000000e+00   0.0000000e+00  -4.1138799e-05
   3.0362098e-02   6.5108178e-03   0.0000000e+00   0.0000000e+00   0.0000000e+00   1.0995692e-04
   2.3645812e-01  -1.9078531e-01   0.0000000e+00   0.0000000e+00   0.0000000e+00  -1.4833186e-03
   8.9451428e-02  -1.3047166e-01   0.0000000e+00   0.0000000e+00   0.0000000e+00  -8.5925729e-04
   2.8509737e-01  -2.1865235e-01   0.0000000e+00   0.0000000e+00   0.0000000e+00  -1.7830199e-03
   5.9293704e-02  -1.5539859e-01   0.0000000e+00   0.0000000e+00   0.0000000e+00  -1.2205796e-03
   6.5192203e-02  -1.2128953e-01   0.0000000e+00   0.0000000e+00   0.0000000e+00  -8.7005981e-04
  -7.6517498e-02   2.1167550e-03   0.0000000e+00   0.0000000e+00   0.0000000e+00   1.6892475e-04
  -6.4518212e-02   3.0543142e-02   0.0000000e+00   0.0000000e+00   0.0000000e+00   3.4996497e-04
  -1.0770558e-01   1.1347211e-01   0.0000000e+00   0.0000000e+00   0.0000000e+00   1.0795056e-03
  -1.7610312e-03   3.3938466e-02   0.0000000e+00   0.0000000e+00   0.0000000e+00   2.4173084e-04
  -6.3100782e-02   5.7228359e-02   0.0000000e+00   0.0000000e+00   0.0000000e+00   3.5004599e-04
  -4.5426322e-03   3.7709277e-02   0.0000000e+00   0.0000000e+00   0.0000000e+00   5.3879614e-04
  -1.2460532e-01   4.5617556e-02   0.0000000e+00   0.0000000e+00   0.0000000e+00   4.1909133e-04
